Età,Popolazione,Prima,Due dosi,Seconda dose,Dose unica J&J,Dose guariti,Prima dose,Dose aggiuntiva/booster,Popolazione non vaccinata,Almeno una dose,Completa,Non vaccinati,aggiornamento,Regione,area,fascia,Aggiuntiva/booster
0-9 anni,4742049,0,0,0,0,0,0,0,4742049,0.0%,0.0%,100.0%,30/10/21,Italia,ITA,0-11,0.00%
10-19 anni,5673197,3339543,2958244,2959344,40013,104947,235239,1100,2333654,58.9%,54.7%,41.1%,30/10/21,Italia,ITA,12-19,0.02%
20-29 anni,6041667,5285096,4583274,4619592,124178,199376,341950,36318,756571,87.5%,81.8%,12.5%,30/10/21,Italia,ITA,20-29,0.60%
30-39 anni,6747378,5634110,4870922,4928548,142693,206241,356628,57626,1113268,83.5%,78.2%,16.5%,30/10/21,Italia,ITA,30-39,0.85%
40-49 anni,8700035,7287904,6371620,6455195,201004,285314,346391,83575,1412131,83.8%,79.8%,16.2%,30/10/21,Italia,ITA,40-49,0.96%
50-59 anni,9466362,8380912,7232824,7366648,377064,347719,289481,133824,1085450,88.5%,85.5%,11.5%,30/10/21,Italia,ITA,50-59,1.41%
60-69 anni,7441208,6783920,5780250,5960537,440893,241193,141297,180287,657288,91.2%,89.3%,8.8%,30/10/21,Italia,ITA,60-69,2.42%
70-79 anni,5965244,5562134,5012258,5164632,151495,165358,80649,152374,403110,93.2%,91.9%,6.8%,30/10/21,Italia,ITA,70-79,2.55%
80-89 anni,3665286,3531310,2644341,3391377,10220,77500,52213,747036,133976,96.3%,94.9%,3.7%,30/10/21,Italia,ITA,80-89,20.38%
oltre 90 anni,815140,816731,609329,769345,3826,18945,24615,160016,-1591,100.2%,97.2%,-0.2%,30/10/21,Italia,ITA,90+,19.63%
TOTALE,59257566,46621660,40063062,41615218,1491386,1646593,1868463,1552156,12635906,78.7%,75.5%,21.3%,30/10/21,TOTALE,ITA,TOTALE,2.62%
0-9 anni,827209,0,0,0,0,0,0,0,827209,0.0%,0.0%,100.0%,30/10/21,Lombardia,LOM,0-11,0.00%
10-19 anni,964465,617337,561344,561428,153,21335,34421,84,347128,64.0%,60.4%,36.0%,30/10/21,Lombardia,LOM,12-19,0.01%
20-29 anni,983209,943960,858524,859071,1705,38637,44547,547,39249,96.0%,91.5%,4.0%,30/10/21,Lombardia,LOM,20-29,0.06%
30-39 anni,1145186,1029932,941043,942120,3376,40978,43458,1077,115254,89.9%,86.1%,10.1%,30/10/21,Lombardia,LOM,30-39,0.09%
40-49 anni,1504315,1307458,1197963,1200610,10485,55947,40416,2647,196857,86.9%,84.2%,13.1%,30/10/21,Lombardia,LOM,40-49,0.18%
50-59 anni,1609940,1473908,1207743,1213149,167339,64137,29283,5406,136032,91.6%,89.7%,8.4%,30/10/21,Lombardia,LOM,50-59,0.34%
60-69 anni,1201057,1113105,968418,974431,78600,46847,13227,6013,87952,92.7%,91.6%,7.3%,30/10/21,Lombardia,LOM,60-69,0.50%
70-79 anni,988111,929812,850166,856096,29893,33918,9905,5930,58299,94.1%,93.1%,5.9%,30/10/21,Lombardia,LOM,70-79,0.60%
80-89 anni,615067,607449,581929,588940,2124,12381,4004,7011,7618,98.8%,98.1%,1.2%,30/10/21,Lombardia,LOM,80-89,1.14%
oltre 90 anni,128433,135152,128610,129650,286,2159,3057,1040,-6719,105.2%,102.9%,-5.2%,30/10/21,Lombardia,LOM,90+,0.81%
0-9 anni,355686,0,0,0,0,0,0,0,355686,0.0%,0.0%,100.0%,30/10/21,Emilia-Romagna,EMR,0-11,0.00%
10-19 anni,411452,245923,217285,217368,1027,11080,16448,83,165529,59.8%,55.8%,40.2%,30/10/21,Emilia-Romagna,EMR,12-19,0.02%
20-29 anni,420475,390613,340343,340743,8944,17024,23902,400,29862,92.9%,87.2%,7.1%,30/10/21,Emilia-Romagna,EMR,20-29,0.10%
30-39 anni,495231,426852,373280,374093,8425,17681,26653,813,68379,86.2%,80.8%,13.8%,30/10/21,Emilia-Romagna,EMR,30-39,0.16%
40-49 anni,674865,564652,500831,502849,9582,25694,26527,2018,110213,83.7%,79.7%,16.3%,30/10/21,Emilia-Romagna,EMR,40-49,0.30%
50-59 anni,712475,633945,575641,579753,6761,28727,18704,4112,78530,89.0%,86.4%,11.0%,30/10/21,Emilia-Romagna,EMR,50-59,0.58%
60-69 anni,549321,501597,421270,426305,51336,16166,7790,5035,47724,91.3%,89.9%,8.7%,30/10/21,Emilia-Romagna,EMR,60-69,0.92%
70-79 anni,454505,425223,386777,392235,17029,11175,4784,5458,29282,93.6%,92.5%,6.4%,30/10/21,Emilia-Romagna,EMR,70-79,1.20%
80-89 anni,299028,293726,274689,282022,1127,6730,3847,7333,5302,98.2%,96.9%,1.8%,30/10/21,Emilia-Romagna,EMR,80-89,2.45%
oltre 90 anni,72511,76223,70271,71715,623,1810,2075,1444,-3712,105.1%,102.3%,-5.1%,30/10/21,Emilia-Romagna,EMR,90+,1.99%
0-9 anni,385892,0,0,0,0,0,0,0,385892,0.0%,0.0%,100.0%,30/10/21,Veneto,VEN,0-11,0.00%
10-19 anni,466296,261714,232783,232861,121,8591,20141,78,204582,56.1%,51.8%,43.9%,30/10/21,Veneto,VEN,12-19,0.02%
20-29 anni,481339,422147,373418,373758,663,16766,30960,340,59192,87.7%,81.3%,12.3%,30/10/21,Veneto,VEN,20-29,0.07%
30-39 anni,524439,432278,381720,382311,903,16052,33012,591,92161,82.4%,76.1%,17.6%,30/10/21,Veneto,VEN,30-39,0.11%
40-49 anni,717331,582002,522134,523772,1921,26961,29348,1638,135329,81.1%,77.0%,18.9%,30/10/21,Veneto,VEN,40-49,0.23%
50-59 anni,806474,696334,626582,629733,4119,37959,24523,3151,110140,86.3%,83.3%,13.7%,30/10/21,Veneto,VEN,50-59,0.39%
60-69 anni,610635,551471,462461,467064,48940,26712,8755,4603,59164,90.3%,88.9%,9.7%,30/10/21,Veneto,VEN,60-69,0.75%
70-79 anni,494721,462161,413556,419035,17831,19561,5734,5479,32560,93.4%,92.3%,6.6%,30/10/21,Veneto,VEN,70-79,1.11%
80-89 anni,298205,296512,276400,281370,1218,9530,4394,4970,1693,99.4%,98.0%,0.6%,30/10/21,Veneto,VEN,80-89,1.67%
oltre 90 anni,67121,70046,64287,64896,299,2739,2112,609,-2925,104.4%,101.2%,-4.4%,30/10/21,Veneto,VEN,90+,0.91%
0-9 anni,322117,0,0,0,0,0,0,0,322117,0.0%,0.0%,100.0%,30/10/21,Piemonte,PIE,0-11,0.00%
10-19 anni,383188,217911,189951,190092,317,7287,20215,141,165277,56.9%,51.6%,43.1%,30/10/21,Piemonte,PIE,12-19,0.04%
20-29 anni,404501,364479,316034,316769,2599,13953,31158,735,40022,90.1%,82.4%,9.9%,30/10/21,Piemonte,PIE,20-29,0.18%
30-39 anni,453297,376710,320300,321634,6995,15163,32918,1334,76587,83.1%,75.8%,16.9%,30/10/21,Piemonte,PIE,30-39,0.29%
40-49 anni,612180,498473,432384,435829,4917,21586,36141,3445,113707,81.4%,75.5%,18.6%,30/10/21,Piemonte,PIE,40-49,0.56%
50-59 anni,692135,601021,525978,533435,8430,26771,32385,7457,91114,86.8%,82.2%,13.2%,30/10/21,Piemonte,PIE,50-59,1.08%
60-69 anni,559966,495670,413575,424592,34957,20443,15678,11017,64296,88.5%,85.7%,11.5%,30/10/21,Piemonte,PIE,60-69,1.97%
70-79 anni,473035,435863,386174,400203,10146,15977,9537,14029,37172,92.1%,90.1%,7.9%,30/10/21,Piemonte,PIE,70-79,2.97%
80-89 anni,307031,298791,282646,283354,2372,7494,5571,708,8240,97.3%,95.5%,2.7%,30/10/21,Piemonte,PIE,80-89,0.23%
oltre 90 anni,65760,68236,62275,62424,1904,1796,2112,149,-2476,103.8%,100.6%,-3.8%,30/10/21,Piemonte,PIE,90+,0.23%
0-9 anni,87116,0,0,0,0,0,0,0,87116,0.0%,0.0%,100.0%,30/10/21,Friuli VG,FVG,0-11,0.00%
10-19 anni,105798,58074,51320,51323,12,2129,4610,3,47724,54.9%,50.5%,45.1%,30/10/21,Friuli VG,FVG,12-19,0.00%
20-29 anni,109577,101273,89035,89085,241,4825,7122,50,8304,92.4%,85.9%,7.6%,30/10/21,Friuli VG,FVG,20-29,0.05%
30-39 anni,123868,103235,89919,90024,299,4983,7929,105,20633,83.3%,76.9%,16.7%,30/10/21,Friuli VG,FVG,30-39,0.08%
40-49 anni,172496,136665,120354,120592,542,7794,7737,238,35831,79.2%,74.7%,20.8%,30/10/21,Friuli VG,FVG,40-49,0.14%
50-59 anni,197534,165323,146574,147023,575,10202,7523,449,32211,83.7%,79.9%,16.3%,30/10/21,Friuli VG,FVG,50-59,0.23%
60-69 anni,156447,134479,107532,108221,16465,6314,3479,689,21968,86.0%,83.7%,14.0%,30/10/21,Friuli VG,FVG,60-69,0.44%
70-79 anni,140238,124000,109991,110838,5960,4986,2216,847,16238,88.4%,86.8%,11.6%,30/10/21,Friuli VG,FVG,70-79,0.60%
80-89 anni,85322,82263,79068,79932,61,859,1411,864,3059,96.4%,94.8%,3.6%,30/10/21,Friuli VG,FVG,80-89,1.01%
oltre 90 anni,20357,19875,19012,19145,3,176,551,133,482,97.6%,94.9%,2.4%,30/10/21,Friuli VG,FVG,90+,0.65%
0-9 anni,9667,0,0,0,0,0,0,0,9667,0.0%,0.0%,100.0%,30/10/21,Valle d'Aosta,VDA,0-11,0.00%
10-19 anni,11812,6228,5425,5425,175,173,455,0,5584,52.7%,48.9%,47.3%,30/10/21,Valle d'Aosta,VDA,12-19,0.00%
20-29 anni,11940,9808,8543,8547,140,385,736,4,2132,82.1%,76.0%,17.9%,30/10/21,Valle d'Aosta,VDA,20-29,0.03%
30-39 anni,13010,10082,8771,8774,52,444,812,3,2928,77.5%,71.3%,22.5%,30/10/21,Valle d'Aosta,VDA,30-39,0.02%
40-49 anni,17884,13599,12080,12099,66,654,780,19,4285,76.0%,71.7%,24.0%,30/10/21,Valle d'Aosta,VDA,40-49,0.11%
50-59 anni,20922,17431,15774,15806,44,840,741,32,3491,83.3%,79.8%,16.7%,30/10/21,Valle d'Aosta,VDA,50-59,0.15%
60-69 anni,16123,13817,12304,12352,455,666,344,48,2306,85.7%,83.6%,14.3%,30/10/21,Valle d'Aosta,VDA,60-69,0.30%
70-79 anni,12953,11744,10902,10974,80,569,121,72,1209,90.7%,89.7%,9.3%,30/10/21,Valle d'Aosta,VDA,70-79,0.56%
80-89 anni,7803,7470,6971,7037,2,299,132,66,333,95.7%,94.0%,4.3%,30/10/21,Valle d'Aosta,VDA,80-89,0.85%
oltre 90 anni,1781,1782,1644,1658,0,78,46,14,-1,100.1%,97.5%,-0.1%,30/10/21,Valle d'Aosta,VDA,90+,0.79%
0-9 anni,101299,0,0,0,0,0,0,0,101299,0.0%,0.0%,100.0%,30/10/21,Liguria,LIG,0-11,0.00%
10-19 anni,126067,67519,60082,60084,1982,1364,4089,2,58548,53.6%,50.3%,46.4%,30/10/21,Liguria,LIG,12-19,0.00%
20-29 anni,136820,119853,98892,98934,10910,2666,7343,42,16967,87.6%,82.2%,12.4%,30/10/21,Liguria,LIG,20-29,0.03%
30-39 anni,147115,121579,103192,103294,7380,2656,8249,102,25536,82.6%,77.0%,17.4%,30/10/21,Liguria,LIG,30-39,0.07%
40-49 anni,203007,162823,147649,147830,2613,3919,8461,181,40184,80.2%,76.0%,19.8%,30/10/21,Liguria,LIG,40-49,0.09%
50-59 anni,253220,215236,200205,200630,946,5065,8595,425,37984,85.0%,81.6%,15.0%,30/10/21,Liguria,LIG,50-59,0.17%
60-69 anni,203505,178689,163765,164331,6374,3382,4602,566,24816,87.8%,85.5%,12.2%,30/10/21,Liguria,LIG,60-69,0.28%
70-79 anni,182496,164028,156341,157077,2144,2223,2584,736,18468,89.9%,88.5%,10.1%,30/10/21,Liguria,LIG,70-79,0.40%
80-89 anni,125677,119926,114394,116234,141,1259,2292,1840,5751,95.4%,93.6%,4.6%,30/10/21,Liguria,LIG,80-89,1.46%
oltre 90 anni,30599,30469,28394,28852,163,309,1145,458,130,99.6%,95.8%,0.4%,30/10/21,Liguria,LIG,90+,1.50%
0-9 anni,47826,0,0,0,0,0,0,0,47826,0.0%,0.0%,100.0%,30/10/21,Trento,PAT,0-11,0.00%
10-19 anni,55756,31626,27446,27449,8,1097,3072,3,24130,56.7%,51.2%,43.3%,30/10/21,Trento,PAT,12-19,0.01%
20-29 anni,58234,54771,46120,46162,29,2699,5881,42,3463,94.1%,84.0%,5.9%,30/10/21,Trento,PAT,20-29,0.07%
30-39 anni,61070,52179,43956,44018,44,2782,5335,62,8891,85.4%,76.7%,14.6%,30/10/21,Trento,PAT,30-39,0.10%
40-49 anni,76322,63211,53407,53546,1100,3829,4736,139,13111,82.8%,76.6%,17.2%,30/10/21,Trento,PAT,40-49,0.18%
50-59 anni,86000,75008,64386,64624,543,6165,3676,238,10992,87.2%,82.9%,12.8%,30/10/21,Trento,PAT,50-59,0.28%
60-69 anni,67987,61686,53470,53803,1822,4353,1708,333,6301,90.7%,88.2%,9.3%,30/10/21,Trento,PAT,60-69,0.49%
70-79 anni,52872,49737,44998,45279,524,2997,937,281,3135,94.1%,92.3%,5.9%,30/10/21,Trento,PAT,70-79,0.53%
80-89 anni,30673,30481,28248,28478,34,1397,572,230,192,99.4%,97.5%,0.6%,30/10/21,Trento,PAT,80-89,0.75%
oltre 90 anni,8005,8277,7652,7679,7,341,250,27,-272,103.4%,100.3%,-3.4%,30/10/21,Trento,PAT,90+,0.34%
0-9 anni,54481,0,0,0,0,0,0,0,54481,0.0%,0.0%,100.0%,30/10/21,Bolzano,PAB,0-11,0.00%
10-19 anni,57132,26313,21477,21490,287,1085,3451,13,30819,46.1%,40.0%,53.9%,30/10/21,Bolzano,PAB,12-19,0.02%
20-29 anni,61426,48178,39614,39682,2256,2426,3814,68,13248,78.4%,72.2%,21.6%,30/10/21,Bolzano,PAB,20-29,0.11%
30-39 anni,62922,48881,39888,40019,2808,2493,3561,131,14041,77.7%,72.0%,22.3%,30/10/21,Bolzano,PAB,30-39,0.21%
40-49 anni,74006,58866,49692,49985,1961,3578,3342,293,15140,79.5%,75.0%,20.5%,30/10/21,Bolzano,PAB,40-49,0.40%
50-59 anni,84510,70064,59945,60639,1307,4850,3268,694,14446,82.9%,79.0%,17.1%,30/10/21,Bolzano,PAB,50-59,0.82%
60-69 anni,58814,51335,43743,44658,2270,3180,1227,915,7479,87.3%,85.2%,12.7%,30/10/21,Bolzano,PAB,60-69,1.56%
70-79 anni,46424,40830,35572,36621,1376,2119,714,1049,5594,88.0%,86.4%,12.0%,30/10/21,Bolzano,PAB,70-79,2.26%
80-89 anni,27677,26184,23039,24039,530,1028,587,1000,1493,94.6%,92.5%,5.4%,30/10/21,Bolzano,PAB,80-89,3.61%
oltre 90 anni,6323,5973,5153,5283,100,320,270,130,350,94.5%,90.2%,5.5%,30/10/21,Bolzano,PAB,90+,2.06%
0-9 anni,114169,0,0,0,0,0,0,0,114169,0.0%,0.0%,100.0%,30/10/21,Marche,MAR,0-11,0.00%
10-19 anni,137741,72822,65321,65331,28,2822,4641,10,64919,52.9%,49.5%,47.1%,30/10/21,Marche,MAR,12-19,0.01%
20-29 anni,145997,123356,110674,110779,358,5732,6487,105,22641,84.5%,80.0%,15.5%,30/10/21,Marche,MAR,20-29,0.07%
30-39 anni,163324,129657,115892,116115,493,5728,7321,223,33667,79.4%,74.9%,20.6%,30/10/21,Marche,MAR,30-39,0.14%
40-49 anni,218851,175407,158834,159346,1136,8004,6921,512,43444,80.1%,77.0%,19.9%,30/10/21,Marche,MAR,40-49,0.23%
50-59 anni,236599,201894,183891,184941,1904,9326,5723,1050,34705,85.3%,82.9%,14.7%,30/10/21,Marche,MAR,50-59,0.44%
60-69 anni,194699,173304,146372,148141,17382,6209,1572,1769,21395,89.0%,88.2%,11.0%,30/10/21,Marche,MAR,60-69,0.91%
70-79 anni,156000,145960,133079,134921,6642,4146,251,1842,10040,93.6%,93.4%,6.4%,30/10/21,Marche,MAR,70-79,1.18%
80-89 anni,108153,102910,98088,98598,593,2545,1174,510,5243,95.2%,94.1%,4.8%,30/10/21,Marche,MAR,80-89,0.47%
oltre 90 anni,25873,26049,24324,24432,119,872,626,108,-176,100.7%,98.3%,-0.7%,30/10/21,Marche,MAR,90+,0.42%
0-9 anni,273053,0,0,0,0,0,0,0,273053,0.0%,0.0%,100.0%,30/10/21,Toscana,TOS,0-11,0.00%
10-19 anni,330958,207080,185119,185214,28,7453,14385,95,123878,62.6%,58.2%,37.4%,30/10/21,Toscana,TOS,12-19,0.03%
20-29 anni,338693,315176,281552,282030,436,12194,20516,478,23517,93.1%,87.0%,6.9%,30/10/21,Toscana,TOS,20-29,0.14%
30-39 anni,395198,350870,314966,315769,540,12552,22009,803,44328,88.8%,83.2%,11.2%,30/10/21,Toscana,TOS,30-39,0.20%
40-49 anni,540242,470989,427842,429703,755,17410,23121,1861,69253,87.2%,82.9%,12.8%,30/10/21,Toscana,TOS,40-49,0.34%
50-59 anni,590377,537498,493439,497134,1181,20059,19124,3695,52879,91.0%,87.8%,9.0%,30/10/21,Toscana,TOS,50-59,0.63%
60-69 anni,467270,429716,348189,353662,56773,11380,7901,5473,37554,92.0%,90.3%,8.0%,30/10/21,Toscana,TOS,60-69,1.17%
70-79 anni,406475,381612,342585,349368,19415,9910,2919,6783,24863,93.9%,93.2%,6.1%,30/10/21,Toscana,TOS,70-79,1.67%
80-89 anni,263150,261359,248975,251185,878,7536,1760,2210,1791,99.3%,98.7%,0.7%,30/10/21,Toscana,TOS,80-89,0.84%
oltre 90 anni,62917,66267,62583,62903,46,2028,1290,320,-3350,105.3%,103.3%,-5.3%,30/10/21,Toscana,TOS,90+,0.51%
0-9 anni,463919,0,0,0,0,0,0,0,463919,0.0%,0.0%,100.0%,30/10/21,Lazio,LAZ,0-11,0.00%
10-19 anni,540535,310006,279523,279590,2851,8374,19191,67,230529,57.4%,53.8%,42.6%,30/10/21,Lazio,LAZ,12-19,0.01%
20-29 anni,558855,500762,414692,415040,42246,16219,27257,348,58093,89.6%,84.7%,10.4%,30/10/21,Lazio,LAZ,20-29,0.06%
30-39 anni,665641,571380,474303,474979,53808,17694,24899,676,94261,85.8%,82.1%,14.2%,30/10/21,Lazio,LAZ,30-39,0.10%
40-49 anni,879906,757274,621481,623152,79726,24879,29517,1671,122632,86.1%,82.7%,13.9%,30/10/21,Lazio,LAZ,40-49,0.19%
50-59 anni,940470,853189,706650,710010,89282,28661,25236,3360,87281,90.7%,88.0%,9.3%,30/10/21,Lazio,LAZ,50-59,0.36%
60-69 anni,707706,663804,604468,608474,22192,19895,13243,4006,43902,93.8%,91.9%,6.2%,30/10/21,Lazio,LAZ,60-69,0.57%
70-79 anni,551477,524036,494756,498672,5762,11903,7699,3916,27441,95.0%,93.6%,5.0%,30/10/21,Lazio,LAZ,70-79,0.71%
80-89 anni,338530,333113,319156,320959,297,5704,6153,1803,5417,98.4%,96.6%,1.6%,30/10/21,Lazio,LAZ,80-89,0.53%
oltre 90 anni,73757,74416,69947,70180,116,1566,2554,233,-659,100.9%,97.4%,-0.9%,30/10/21,Lazio,LAZ,90+,0.32%
0-9 anni,64317,0,0,0,0,0,0,0,64317,0.0%,0.0%,100.0%,30/10/21,Umbria,UMB,0-11,0.00%
10-19 anni,78462,45375,39967,39994,15,1131,4235,27,33087,57.8%,52.4%,42.2%,30/10/21,Umbria,UMB,12-19,0.03%
20-29 anni,81178,67617,60090,60245,305,2226,4841,155,13561,83.3%,77.3%,16.7%,30/10/21,Umbria,UMB,20-29,0.19%
30-39 anni,95565,77246,68976,69285,199,2727,5035,309,18319,80.8%,75.6%,19.2%,30/10/21,Umbria,UMB,30-39,0.32%
40-49 anni,124859,104724,94438,95069,108,4047,5500,631,20135,83.9%,79.5%,16.1%,30/10/21,Umbria,UMB,40-49,0.51%
50-59 anni,135406,119683,109704,111075,84,4180,4344,1371,15723,88.4%,85.2%,11.6%,30/10/21,Umbria,UMB,50-59,1.01%
60-69 anni,111650,102812,78800,80883,17708,2302,1919,2083,8838,92.1%,90.4%,7.9%,30/10/21,Umbria,UMB,60-69,1.87%
70-79 anni,94797,90658,82056,84834,2464,1883,1477,2778,4139,95.6%,94.1%,4.4%,30/10/21,Umbria,UMB,70-79,2.93%
80-89 anni,63188,62695,54973,60453,41,1351,850,5480,493,99.2%,97.9%,0.8%,30/10/21,Umbria,UMB,80-89,8.67%
oltre 90 anni,15591,16664,14472,15787,10,384,483,1315,-1073,106.9%,103.8%,-6.9%,30/10/21,Umbria,UMB,90+,8.43%
0-9 anni,97834,0,0,0,0,0,0,0,97834,0.0%,0.0%,100.0%,30/10/21,Abruzzo,ABR,0-11,0.00%
10-19 anni,115344,69401,61970,61979,94,1906,5422,9,45943,60.2%,55.5%,39.8%,30/10/21,Abruzzo,ABR,12-19,0.01%
20-29 anni,128330,111658,99713,99761,1353,3882,6662,48,16672,87.0%,81.8%,13.0%,30/10/21,Abruzzo,ABR,20-29,0.04%
30-39 anni,148176,119546,105526,105653,2263,4107,7523,127,28630,80.7%,75.6%,19.3%,30/10/21,Abruzzo,ABR,30-39,0.09%
40-49 anni,185634,153699,136140,136378,4865,5476,6980,238,31935,82.8%,79.0%,17.2%,30/10/21,Abruzzo,ABR,40-49,0.13%
50-59 anni,204504,179156,158506,159012,7353,6387,6404,506,25348,87.6%,84.5%,12.4%,30/10/21,Abruzzo,ABR,50-59,0.25%
60-69 anni,168878,153932,139522,140280,5706,4927,3019,758,14946,91.1%,89.4%,8.9%,30/10/21,Abruzzo,ABR,60-69,0.45%
70-79 anni,131536,124222,116614,117429,2476,3199,1118,815,7314,94.4%,93.6%,5.6%,30/10/21,Abruzzo,ABR,70-79,0.62%
80-89 anni,84626,79205,76172,76508,192,1842,663,336,5421,93.6%,92.8%,6.4%,30/10/21,Abruzzo,ABR,80-89,0.40%
oltre 90 anni,20394,19402,18467,18519,53,560,270,52,992,95.1%,93.8%,4.9%,30/10/21,Abruzzo,ABR,90+,0.25%
0-9 anni,20523,0,0,0,0,0,0,0,20523,0.0%,0.0%,100.0%,30/10/21,Molise,MOL,0-11,0.00%
10-19 anni,25234,16362,14622,14632,19,347,1364,10,8872,64.8%,59.4%,35.2%,30/10/21,Molise,MOL,12-19,0.04%
20-29 anni,31281,25837,21845,21896,1101,706,2134,51,5444,82.6%,75.8%,17.4%,30/10/21,Molise,MOL,20-29,0.16%
30-39 anni,33973,27417,22949,23025,1102,876,2414,76,6556,80.7%,73.6%,19.3%,30/10/21,Molise,MOL,30-39,0.22%
40-49 anni,41036,35558,31967,32135,616,1135,1672,168,5478,86.7%,82.6%,13.3%,30/10/21,Molise,MOL,40-49,0.41%
50-59 anni,46916,43644,38511,38904,1144,1764,1832,393,3272,93.0%,89.1%,7.0%,30/10/21,Molise,MOL,50-59,0.84%
60-69 anni,40784,38542,34378,35367,1483,1272,420,989,2242,94.5%,93.5%,5.5%,30/10/21,Molise,MOL,60-69,2.42%
70-79 anni,30617,29379,27062,28181,542,712,-56,1119,1238,96.0%,96.1%,4.0%,30/10/21,Molise,MOL,70-79,3.65%
80-89 anni,20753,19905,18560,19005,27,478,395,445,848,95.9%,94.0%,4.1%,30/10/21,Molise,MOL,80-89,2.14%
oltre 90 anni,5430,5488,4906,5032,3,210,243,126,-58,101.1%,96.6%,-1.1%,30/10/21,Molise,MOL,90+,2.32%
0-9 anni,498552,0,0,0,0,0,0,0,498552,0.0%,0.0%,100.0%,30/10/21,Campania,CAM,0-11,0.00%
10-19 anni,616169,352134,295165,295224,20763,10492,25655,59,264035,57.1%,53.0%,42.9%,30/10/21,Campania,CAM,12-19,0.01%
20-29 anni,685126,562372,473539,473834,23792,23548,41198,295,122754,82.1%,76.1%,17.9%,30/10/21,Campania,CAM,20-29,0.04%
30-39 anni,706752,567340,476563,477189,24390,23837,41924,626,139412,80.3%,74.3%,19.7%,30/10/21,Campania,CAM,30-39,0.09%
40-49 anni,819391,682726,597435,598809,18062,28702,37153,1374,136665,83.3%,78.8%,16.7%,30/10/21,Campania,CAM,40-49,0.17%
50-59 anni,871123,766911,683105,688103,12359,38763,27686,4998,104212,88.0%,84.9%,12.0%,30/10/21,Campania,CAM,50-59,0.57%
60-69 anni,681008,622132,552847,562591,13869,27069,18603,9744,58876,91.4%,88.6%,8.6%,30/10/21,Campania,CAM,60-69,1.43%
70-79 anni,491191,454430,418367,425681,2535,16108,10106,7314,36761,92.5%,90.5%,7.5%,30/10/21,Campania,CAM,70-79,1.49%
80-89 anni,258456,235248,223433,224988,96,6128,4036,1555,23208,91.0%,89.5%,9.0%,30/10/21,Campania,CAM,80-89,0.60%
oltre 90 anni,51991,45100,42304,42543,6,932,1619,239,6891,86.7%,83.6%,13.3%,30/10/21,Campania,CAM,90+,0.46%
0-9 anni,307917,0,0,0,0,0,0,0,307917,0.0%,0.0%,100.0%,30/10/21,Puglia,PUG,0-11,0.00%
10-19 anni,389429,251560,226996,227054,919,8264,15323,58,137869,64.6%,60.7%,35.4%,30/10/21,Puglia,PUG,12-19,0.01%
20-29 anni,435687,366319,323003,323305,4810,15122,23082,302,69368,84.1%,78.8%,15.9%,30/10/21,Puglia,PUG,20-29,0.07%
30-39 anni,453251,381476,334624,335193,6627,15706,23950,569,71775,84.2%,78.9%,15.8%,30/10/21,Puglia,PUG,30-39,0.13%
40-49 anni,570896,499862,434590,435965,21787,20624,21486,1375,71034,87.6%,83.8%,12.4%,30/10/21,Puglia,PUG,40-49,0.24%
50-59 anni,607181,559999,480319,483192,32934,24624,19249,2873,47182,92.2%,89.1%,7.8%,30/10/21,Puglia,PUG,50-59,0.47%
60-69 anni,494337,472822,413683,417154,26502,18903,10263,3471,21515,95.6%,93.6%,4.4%,30/10/21,Puglia,PUG,60-69,0.70%
70-79 anni,395276,385214,349736,353118,13597,11591,6908,3382,10062,97.5%,95.7%,2.5%,30/10/21,Puglia,PUG,70-79,0.86%
80-89 anni,224826,220353,209414,210944,136,4650,4623,1530,4473,98.0%,96.0%,2.0%,30/10/21,Puglia,PUG,80-89,0.68%
oltre 90 anni,48131,48982,46003,46136,5,992,1849,133,-851,101.8%,97.9%,-1.8%,30/10/21,Puglia,PUG,90+,0.28%
0-9 anni,39386,0,0,0,0,0,0,0,39386,0.0%,0.0%,100.0%,30/10/21,Basilicata,BAS,0-11,0.00%
10-19 anni,50240,31877,27448,27453,1579,818,2027,5,18363,63.4%,59.4%,36.6%,30/10/21,Basilicata,BAS,12-19,0.01%
20-29 anni,59650,47531,42377,42397,884,1532,2718,20,12119,79.7%,75.1%,20.3%,30/10/21,Basilicata,BAS,20-29,0.03%
30-39 anni,64519,49842,44758,44788,609,1434,3011,30,14677,77.3%,72.6%,22.7%,30/10/21,Basilicata,BAS,30-39,0.05%
40-49 anni,76260,63888,56471,56548,2848,1843,2649,77,12372,83.8%,80.3%,16.2%,30/10/21,Basilicata,BAS,40-49,0.10%
50-59 anni,87305,78227,69919,70050,3023,2394,2760,131,9078,89.6%,86.4%,10.4%,30/10/21,Basilicata,BAS,50-59,0.15%
60-69 anni,73674,69192,63554,63756,2097,1627,1712,202,4482,93.9%,91.6%,6.1%,30/10/21,Basilicata,BAS,60-69,0.27%
70-79 anni,52557,50438,48269,48443,134,999,862,174,2119,96.0%,94.3%,4.0%,30/10/21,Basilicata,BAS,70-79,0.33%
80-89 anni,35786,33498,32075,32338,5,522,633,263,2288,93.6%,91.8%,6.4%,30/10/21,Basilicata,BAS,80-89,0.73%
oltre 90 anni,8202,8172,7698,7723,1,144,304,25,30,99.6%,95.9%,0.4%,30/10/21,Basilicata,BAS,90+,0.30%
0-9 anni,154451,0,0,0,0,0,0,0,154451,0.0%,0.0%,100.0%,30/10/21,Calabria,CAL,0-11,0.00%
10-19 anni,181488,98497,88887,88895,588,1698,7316,8,82991,54.3%,50.2%,45.7%,30/10/21,Calabria,CAL,12-19,0.00%
20-29 anni,208920,160730,141239,141298,5461,3418,10553,59,48190,76.9%,71.9%,23.1%,30/10/21,Calabria,CAL,20-29,0.03%
30-39 anni,232935,170847,148336,148447,7067,3330,12003,111,62088,73.3%,68.2%,26.7%,30/10/21,Calabria,CAL,30-39,0.05%
40-49 anni,261369,206066,176335,176575,14832,3899,10760,240,55303,78.8%,74.7%,21.2%,30/10/21,Calabria,CAL,40-49,0.09%
50-59 anni,284757,236642,206988,207523,15215,4211,9693,535,48115,83.1%,79.7%,16.9%,30/10/21,Calabria,CAL,50-59,0.19%
60-69 anni,243667,214347,199471,200399,6783,2958,4207,928,29320,88.0%,86.2%,12.0%,30/10/21,Calabria,CAL,60-69,0.38%
70-79 anni,177666,160171,153529,154651,2185,1587,1748,1122,17495,90.2%,89.2%,9.8%,30/10/21,Calabria,CAL,70-79,0.63%
80-89 anni,108240,93476,90560,90937,75,684,1780,377,14764,86.4%,84.7%,13.6%,30/10/21,Calabria,CAL,80-89,0.35%
oltre 90 anni,24235,20225,19195,19254,17,134,820,59,4010,83.5%,80.1%,16.5%,30/10/21,Calabria,CAL,90+,0.24%
0-9 anni,411065,0,0,0,0,0,0,0,411065,0.0%,0.0%,100.0%,30/10/21,Sicilia,SIC,0-11,0.00%
10-19 anni,491263,264535,226594,226626,9044,5963,22902,32,226728,53.8%,49.2%,46.2%,30/10/21,Sicilia,SIC,12-19,0.01%
20-29 anni,551159,424492,361678,361906,15850,12176,34560,228,126667,77.0%,70.7%,23.0%,30/10/21,Sicilia,SIC,20-29,0.04%
30-39 anni,581042,441369,377831,378200,15024,11498,36647,369,139673,76.0%,69.7%,24.0%,30/10/21,Sicilia,SIC,30-39,0.06%
40-49 anni,684564,546020,473964,474792,22555,14269,34404,828,138544,79.8%,74.7%,20.2%,30/10/21,Sicilia,SIC,40-49,0.12%
50-59 anni,732410,621761,550881,552597,21685,16902,30577,1716,110649,84.9%,80.7%,15.1%,30/10/21,Sicilia,SIC,50-59,0.23%
60-69 anni,608346,534491,485607,489897,15255,12210,17129,4290,73855,87.9%,85.0%,12.1%,30/10/21,Sicilia,SIC,60-69,0.71%
70-79 anni,460198,411469,383972,389561,4896,7132,9880,5589,48729,89.4%,87.3%,10.6%,30/10/21,Sicilia,SIC,70-79,1.21%
80-89 anni,265138,234123,223337,224713,110,3706,5594,1376,31015,88.3%,86.2%,11.7%,30/10/21,Sicilia,SIC,80-89,0.52%
oltre 90 anni,55691,49185,45845,46056,16,969,2144,211,6506,88.3%,84.5%,11.7%,30/10/21,Sicilia,SIC,90+,0.38%
0-9 anni,105570,0,0,0,0,0,0,0,105570,0.0%,0.0%,100.0%,30/10/21,Sardegna,SAR,0-11,0.00%
10-19 anni,134368,87249,79823,79832,3,1538,5876,9,47119,64.9%,60.6%,35.1%,30/10/21,Sardegna,SAR,12-19,0.01%
20-29 anni,149270,124164,114213,114350,95,3240,6479,137,25106,83.2%,78.8%,16.8%,30/10/21,Sardegna,SAR,20-29,0.09%
30-39 anni,180864,145392,133335,133618,289,3520,7965,283,35472,80.4%,76.0%,19.6%,30/10/21,Sardegna,SAR,30-39,0.16%
40-49 anni,244621,203942,188928,189611,527,5064,8740,683,40679,83.4%,79.8%,16.6%,30/10/21,Sardegna,SAR,40-49,0.28%
50-59 anni,266104,234038,218271,219315,836,5732,8155,1044,32066,87.9%,84.9%,12.1%,30/10/21,Sardegna,SAR,50-59,0.39%
60-69 anni,225334,206977,182766,184176,13924,4378,4499,1410,18357,91.9%,89.9%,8.1%,30/10/21,Sardegna,SAR,60-69,0.63%
70-79 anni,172099,161147,149890,151415,5864,2663,1205,1525,10952,93.6%,92.9%,6.4%,30/10/21,Sardegna,SAR,70-79,0.89%
80-89 anni,97957,92623,88222,89343,161,1377,1742,1121,5334,94.6%,92.8%,5.4%,30/10/21,Sardegna,SAR,80-89,1.14%
oltre 90 anni,22038,20748,19319,19478,49,426,795,159,1290,94.1%,90.5%,5.9%,30/10/21,Sardegna,SAR,90+,0.72%
