Età,Popolazione,Prima,Due dosi,Seconda dose,Dose unica J&J,Dose guariti,Prima dose,Dose aggiuntiva/booster,Popolazione non vaccinata,Almeno una dose,Completa,Non vaccinati,aggiornamento,Regione,area,fascia,Aggiuntiva/booster
0-9 anni,4742049,0,0,0,0,0,0,0,4742049,0.0%,0.0%,100.0%,09/11/21,Italia,ITA,0-11,0.00%
10-19 anni,5673197,3373485,3006308,3008031,40039,107414,218001,1723,2299712,59.5%,55.6%,40.5%,09/11/21,Italia,ITA,12-19,0.03%
20-29 anni,6041667,5311605,4645085,4705333,124463,201898,279911,60248,730062,87.9%,83.3%,12.1%,09/11/21,Italia,ITA,20-29,1.00%
30-39 anni,6747378,5664813,4936739,5029956,143005,208439,283413,93217,1082565,84.0%,79.8%,16.0%,09/11/21,Italia,ITA,30-39,1.38%
40-49 anni,8700035,7314700,6416382,6549401,201199,287901,276199,133019,1385335,84.1%,80.9%,15.9%,09/11/21,Italia,ITA,40-49,1.53%
50-59 anni,9466362,8402681,7234912,7443968,377187,349327,232199,209056,1063681,88.8%,86.3%,11.2%,09/11/21,Italia,ITA,50-59,2.21%
60-69 anni,7441208,6796867,5705697,6003925,441045,239416,112481,298228,644341,91.3%,89.8%,8.7%,09/11/21,Italia,ITA,60-69,4.01%
70-79 anni,5965244,5568913,4896484,5187841,151541,162559,66972,291357,396331,93.4%,92.2%,6.6%,09/11/21,Italia,ITA,70-79,4.88%
80-89 anni,3665286,3533534,2298534,3400679,10229,74920,47706,1102145,131752,96.4%,95.1%,3.6%,09/11/21,Italia,ITA,80-89,30.07%
oltre 90 anni,815140,817453,551428,772031,3830,18155,23437,220603,-2313,100.3%,97.4%,-0.3%,09/11/21,Italia,ITA,90+,27.06%
TOTALE,59257566,46784051,39691569,42101165,1492538,1650029,1540319,2409596,12473515,79.0%,76.4%,21.0%,09/11/21,TOTALE,ITA,TOTALE,4.07%
0-9 anni,827209,0,0,0,0,0,0,0,827209,0.0%,0.0%,100.0%,09/11/21,Lombardia,LOM,0-11,0.00%
10-19 anni,964465,622613,567919,568144,153,21758,32558,225,341852,64.6%,61.2%,35.4%,09/11/21,Lombardia,LOM,12-19,0.02%
20-29 anni,983209,947213,856058,868998,1707,39051,37457,12940,35996,96.3%,92.5%,3.7%,09/11/21,Lombardia,LOM,20-29,1.32%
30-39 anni,1145186,1033732,935539,953658,3376,41412,35286,18119,111454,90.3%,87.2%,9.7%,09/11/21,Lombardia,LOM,30-39,1.58%
40-49 anni,1504315,1310617,1185464,1211202,10486,56455,32474,25738,193698,87.1%,85.0%,12.9%,09/11/21,Lombardia,LOM,40-49,1.71%
50-59 anni,1609940,1476453,1183256,1221492,167339,64593,23029,38236,133487,91.7%,90.3%,8.3%,09/11/21,Lombardia,LOM,50-59,2.37%
60-69 anni,1201057,1114441,937034,979361,78602,46968,9510,42327,86616,92.8%,92.0%,7.2%,09/11/21,Lombardia,LOM,60-69,3.52%
70-79 anni,988111,930613,820350,858353,29893,33974,8393,38003,57498,94.2%,93.3%,5.8%,09/11/21,Lombardia,LOM,70-79,3.85%
80-89 anni,615067,607890,381486,589704,2124,12396,3666,208218,7177,98.8%,98.2%,1.2%,09/11/21,Lombardia,LOM,80-89,33.85%
oltre 90 anni,128433,135263,88318,129855,286,2161,2961,41537,-6830,105.3%,103.0%,-5.3%,09/11/21,Lombardia,LOM,90+,32.34%
0-9 anni,355686,0,0,0,0,0,0,0,355686,0.0%,0.0%,100.0%,09/11/21,Emilia-Romagna,EMR,0-11,0.00%
10-19 anni,411452,248292,220565,220732,1027,11292,15241,167,163160,60.3%,56.6%,39.7%,09/11/21,Emilia-Romagna,EMR,12-19,0.04%
20-29 anni,420475,392397,343929,347607,8944,17206,18640,3678,28078,93.3%,88.9%,6.7%,09/11/21,Emilia-Romagna,EMR,20-29,0.87%
30-39 anni,495231,428946,375956,382179,8429,17803,20535,6223,66285,86.6%,82.5%,13.4%,09/11/21,Emilia-Romagna,EMR,30-39,1.26%
40-49 anni,674865,566528,500783,510596,9588,25844,20500,9813,108337,83.9%,80.9%,16.1%,09/11/21,Emilia-Romagna,EMR,40-49,1.45%
50-59 anni,712475,635448,569603,585077,6770,28784,14817,15474,77027,89.2%,87.1%,10.8%,09/11/21,Emilia-Romagna,EMR,50-59,2.17%
60-69 anni,549321,502411,410428,429274,51372,15918,5847,18846,46910,91.5%,90.4%,8.5%,09/11/21,Emilia-Romagna,EMR,60-69,3.43%
70-79 anni,454505,425568,375626,393999,17036,10791,3742,18373,28937,93.6%,92.8%,6.4%,09/11/21,Emilia-Romagna,EMR,70-79,4.04%
80-89 anni,299028,293911,160972,282859,1127,6154,3771,121887,5117,98.3%,97.0%,1.7%,09/11/21,Emilia-Romagna,EMR,80-89,40.76%
oltre 90 anni,72511,76284,45083,71940,623,1678,2043,26857,-3773,105.2%,102.4%,-5.2%,09/11/21,Emilia-Romagna,EMR,90+,37.04%
0-9 anni,385892,0,0,0,0,0,0,0,385892,0.0%,0.0%,100.0%,09/11/21,Veneto,VEN,0-11,0.00%
10-19 anni,466296,264397,236464,236582,120,8742,18953,118,201899,56.7%,52.6%,43.3%,09/11/21,Veneto,VEN,12-19,0.03%
20-29 anni,481339,424056,376379,381701,663,16824,24868,5322,57283,88.1%,82.9%,11.9%,09/11/21,Veneto,VEN,20-29,1.11%
30-39 anni,524439,434514,384191,391581,904,16078,25951,7390,89925,82.9%,77.9%,17.1%,09/11/21,Veneto,VEN,30-39,1.41%
40-49 anni,717331,584034,521996,532500,1921,26972,22641,10504,133297,81.4%,78.3%,18.6%,09/11/21,Veneto,VEN,40-49,1.46%
50-59 anni,806474,697893,620139,636525,4119,37847,19402,16386,108581,86.5%,84.1%,13.5%,09/11/21,Veneto,VEN,50-59,2.03%
60-69 anni,610635,552178,450849,472033,48949,25790,5406,21184,58457,90.4%,89.5%,9.6%,09/11/21,Veneto,VEN,60-69,3.47%
70-79 anni,494721,462478,398468,421782,17832,18358,4506,23314,32243,93.5%,92.6%,6.5%,09/11/21,Veneto,VEN,70-79,4.71%
80-89 anni,298205,296654,218444,282355,1220,8816,4263,63911,1551,99.5%,98.1%,0.5%,09/11/21,Veneto,VEN,80-89,21.43%
oltre 90 anni,67121,70096,52960,65222,300,2506,2068,12262,-2975,104.4%,101.4%,-4.4%,09/11/21,Veneto,VEN,90+,18.27%
0-9 anni,322117,0,0,0,0,0,0,0,322117,0.0%,0.0%,100.0%,09/11/21,Piemonte,PIE,0-11,0.00%
10-19 anni,383188,220620,193595,193841,318,7488,18973,246,162568,57.6%,52.6%,42.4%,09/11/21,Piemonte,PIE,12-19,0.06%
20-29 anni,404501,366643,318362,323893,2621,14102,26027,5531,37858,90.6%,84.2%,9.4%,09/11/21,Piemonte,PIE,20-29,1.37%
30-39 anni,453297,378954,320533,329529,7020,15261,27144,8996,74343,83.6%,77.6%,16.4%,09/11/21,Piemonte,PIE,30-39,1.98%
40-49 anni,612180,500336,428787,443496,4921,21782,30137,14709,111844,81.7%,76.8%,18.3%,09/11/21,Piemonte,PIE,40-49,2.40%
50-59 anni,692135,602325,514898,539709,8441,26822,27353,24811,89810,87.0%,83.1%,13.0%,09/11/21,Piemonte,PIE,50-59,3.58%
60-69 anni,559966,496946,396052,427246,34979,20280,14441,31194,63020,88.7%,86.2%,11.3%,09/11/21,Piemonte,PIE,60-69,5.57%
70-79 anni,473035,436749,370365,401531,10149,15634,9435,31166,36286,92.3%,90.3%,7.7%,09/11/21,Piemonte,PIE,70-79,6.59%
80-89 anni,307031,297228,115685,283452,2372,7033,4371,167767,9803,96.8%,95.4%,3.2%,09/11/21,Piemonte,PIE,80-89,54.64%
oltre 90 anni,65760,67980,31653,62718,1904,1581,1777,31065,-2220,103.4%,100.7%,-3.4%,09/11/21,Piemonte,PIE,90+,47.24%
0-9 anni,87116,0,0,0,0,0,0,0,87116,0.0%,0.0%,100.0%,09/11/21,Friuli VG,FVG,0-11,0.00%
10-19 anni,105798,58557,52129,52144,12,2142,4259,15,47241,55.3%,51.3%,44.7%,09/11/21,Friuli VG,FVG,12-19,0.01%
20-29 anni,109577,101691,89751,90825,242,4836,5788,1074,7886,92.8%,87.5%,7.2%,09/11/21,Friuli VG,FVG,20-29,0.98%
30-39 anni,123868,103711,90644,92076,302,4987,6346,1432,20157,83.7%,78.6%,16.3%,09/11/21,Friuli VG,FVG,30-39,1.16%
40-49 anni,172496,137132,120656,122757,543,7801,6031,2101,35364,79.5%,76.0%,20.5%,09/11/21,Friuli VG,FVG,40-49,1.22%
50-59 anni,197534,165772,146027,149156,578,10186,5852,3129,31762,83.9%,81.0%,16.1%,09/11/21,Friuli VG,FVG,50-59,1.58%
60-69 anni,156447,134742,104571,109021,16466,6263,2992,4450,21705,86.1%,84.2%,13.9%,09/11/21,Friuli VG,FVG,60-69,2.84%
70-79 anni,140238,124158,107414,111271,5961,4875,2051,3857,16080,88.5%,87.1%,11.5%,09/11/21,Friuli VG,FVG,70-79,2.75%
80-89 anni,85322,82333,62877,80326,61,832,1114,17449,2989,96.5%,95.2%,3.5%,09/11/21,Friuli VG,FVG,80-89,20.45%
oltre 90 anni,20357,19901,16727,19305,3,174,419,2578,456,97.8%,95.7%,2.2%,09/11/21,Friuli VG,FVG,90+,12.66%
0-9 anni,9667,0,0,0,0,0,0,0,9667,0.0%,0.0%,100.0%,09/11/21,Valle d'Aosta,VDA,0-11,0.00%
10-19 anni,11812,6264,5541,5541,175,178,370,0,5548,53.0%,49.9%,47.0%,09/11/21,Valle d'Aosta,VDA,12-19,0.00%
20-29 anni,11940,9852,8664,8698,140,388,626,34,2088,82.5%,77.3%,17.5%,09/11/21,Valle d'Aosta,VDA,20-29,0.28%
30-39 anni,13010,10129,8880,8980,52,447,650,100,2881,77.9%,72.9%,22.1%,09/11/21,Valle d'Aosta,VDA,30-39,0.77%
40-49 anni,17884,13646,12098,12283,66,665,632,185,4238,76.3%,72.8%,23.7%,09/11/21,Valle d'Aosta,VDA,40-49,1.03%
50-59 anni,20922,17471,15719,15958,44,844,625,239,3451,83.5%,80.5%,16.5%,09/11/21,Valle d'Aosta,VDA,50-59,1.14%
60-69 anni,16123,13838,12178,12417,455,670,296,239,2285,85.8%,84.0%,14.2%,09/11/21,Valle d'Aosta,VDA,60-69,1.48%
70-79 anni,12953,11748,10729,10999,80,567,102,270,1205,90.7%,89.9%,9.3%,09/11/21,Valle d'Aosta,VDA,70-79,2.08%
80-89 anni,7803,7473,4289,7058,2,291,122,2769,330,95.8%,94.2%,4.2%,09/11/21,Valle d'Aosta,VDA,80-89,35.49%
oltre 90 anni,1781,1786,1130,1661,0,77,48,531,-5,100.3%,97.6%,-0.3%,09/11/21,Valle d'Aosta,VDA,90+,29.81%
0-9 anni,101299,0,0,0,0,0,0,0,101299,0.0%,0.0%,100.0%,09/11/21,Liguria,LIG,0-11,0.00%
10-19 anni,126067,68334,61457,61488,1982,1403,3461,31,57733,54.2%,51.5%,45.8%,09/11/21,Liguria,LIG,12-19,0.02%
20-29 anni,136820,120613,101230,101864,10914,2715,5120,634,16207,88.2%,84.4%,11.8%,09/11/21,Liguria,LIG,20-29,0.46%
30-39 anni,147115,122343,105482,106605,7382,2677,5679,1123,24772,83.2%,79.3%,16.8%,09/11/21,Liguria,LIG,30-39,0.76%
40-49 anni,203007,163558,149242,151022,2613,3971,5952,1780,39449,80.6%,77.6%,19.4%,09/11/21,Liguria,LIG,40-49,0.88%
50-59 anni,253220,215877,200137,203500,948,5094,6335,3363,37343,85.3%,82.8%,14.7%,09/11/21,Liguria,LIG,50-59,1.33%
60-69 anni,203505,179073,159603,166023,6374,3345,3331,6420,24432,88.0%,86.4%,12.0%,09/11/21,Liguria,LIG,60-69,3.15%
70-79 anni,182496,164207,148172,157744,2144,2205,2114,9572,18289,90.0%,88.8%,10.0%,09/11/21,Liguria,LIG,70-79,5.25%
80-89 anni,125677,120044,89719,116526,141,1216,2161,26807,5633,95.5%,93.8%,4.5%,09/11/21,Liguria,LIG,80-89,21.33%
oltre 90 anni,30599,30498,22978,28959,163,295,1081,5981,101,99.7%,96.1%,0.3%,09/11/21,Liguria,LIG,90+,19.55%
0-9 anni,47826,0,0,0,0,0,0,0,47826,0.0%,0.0%,100.0%,09/11/21,Trento,PAT,0-11,0.00%
10-19 anni,55756,31933,27939,27943,8,1125,2857,4,23823,57.3%,52.1%,42.7%,09/11/21,Trento,PAT,12-19,0.01%
20-29 anni,58234,55134,46812,47122,29,2748,5235,310,3100,94.7%,85.7%,5.3%,09/11/21,Trento,PAT,20-29,0.53%
30-39 anni,61070,52489,44524,45080,44,2814,4551,556,8581,85.9%,78.5%,14.1%,09/11/21,Trento,PAT,30-39,0.91%
40-49 anni,76322,63511,53645,54497,1100,3841,4073,852,12811,83.2%,77.9%,16.8%,09/11/21,Trento,PAT,40-49,1.12%
50-59 anni,86000,75220,64057,65374,544,6175,3127,1317,10780,87.5%,83.8%,12.5%,09/11/21,Trento,PAT,50-59,1.53%
60-69 anni,67987,61844,52698,54119,1823,4306,1596,1421,6143,91.0%,88.6%,9.0%,09/11/21,Trento,PAT,60-69,2.09%
70-79 anni,52872,49795,44114,45430,524,2950,891,1316,3077,94.2%,92.5%,5.8%,09/11/21,Trento,PAT,70-79,2.49%
80-89 anni,30673,30513,18747,28611,34,1309,559,9864,160,99.5%,97.7%,0.5%,09/11/21,Trento,PAT,80-89,32.16%
oltre 90 anni,8005,8293,4626,7726,7,315,245,3100,-288,103.6%,100.5%,-3.6%,09/11/21,Trento,PAT,90+,38.73%
0-9 anni,54481,0,0,0,0,0,0,0,54481,0.0%,0.0%,100.0%,09/11/21,Bolzano,PAB,0-11,0.00%
10-19 anni,57132,26912,22124,22148,290,1089,3385,24,30220,47.1%,41.2%,52.9%,09/11/21,Bolzano,PAB,12-19,0.04%
20-29 anni,61426,48517,40362,40663,2263,2423,3168,301,12909,79.0%,73.8%,21.0%,09/11/21,Bolzano,PAB,20-29,0.49%
30-39 anni,62922,49226,40309,40881,2813,2489,3043,572,13696,78.2%,73.4%,21.8%,09/11/21,Bolzano,PAB,30-39,0.91%
40-49 anni,74006,59140,49688,50709,1974,3562,2895,1021,14866,79.9%,76.0%,20.1%,09/11/21,Bolzano,PAB,40-49,1.38%
50-59 anni,84510,70376,59624,61322,1313,4816,2925,1698,14134,83.3%,79.8%,16.7%,09/11/21,Bolzano,PAB,50-59,2.01%
60-69 anni,58814,51499,42806,44970,2287,3089,1153,2164,7315,87.6%,85.6%,12.4%,09/11/21,Bolzano,PAB,60-69,3.68%
70-79 anni,46424,40901,34355,36850,1386,2006,659,2495,5523,88.1%,86.7%,11.9%,09/11/21,Bolzano,PAB,70-79,5.37%
80-89 anni,27677,26228,16814,24166,532,958,572,7352,1449,94.8%,92.7%,5.2%,09/11/21,Bolzano,PAB,80-89,26.56%
oltre 90 anni,6323,5992,3806,5315,102,300,275,1509,331,94.8%,90.4%,5.2%,09/11/21,Bolzano,PAB,90+,23.87%
0-9 anni,114169,0,0,0,0,0,0,0,114169,0.0%,0.0%,100.0%,09/11/21,Marche,MAR,0-11,0.00%
10-19 anni,137741,73650,66332,66362,28,2887,4373,30,64091,53.5%,50.3%,46.5%,09/11/21,Marche,MAR,12-19,0.02%
20-29 anni,145997,123898,111999,112749,358,5794,4997,750,22099,84.9%,81.4%,15.1%,09/11/21,Marche,MAR,20-29,0.51%
30-39 anni,163324,130317,117090,118630,493,5816,5378,1540,33007,79.8%,76.5%,20.2%,09/11/21,Marche,MAR,30-39,0.94%
40-49 anni,218851,176040,159321,161764,1136,8100,5040,2443,42811,80.4%,78.1%,19.6%,09/11/21,Marche,MAR,40-49,1.12%
50-59 anni,236599,202445,183156,186926,1904,9433,4182,3770,34154,85.6%,83.8%,14.4%,09/11/21,Marche,MAR,50-59,1.59%
60-69 anni,194699,173610,141703,149167,17387,6259,797,7464,21089,89.2%,88.8%,10.8%,09/11/21,Marche,MAR,60-69,3.83%
70-79 anni,156000,146106,128061,135551,6643,4152,-240,7490,9894,93.7%,93.8%,6.3%,09/11/21,Marche,MAR,70-79,4.80%
80-89 anni,108153,102966,75276,98728,593,2548,1097,23452,5187,95.2%,94.2%,4.8%,09/11/21,Marche,MAR,80-89,21.68%
oltre 90 anni,25873,26060,19721,24454,119,872,615,4733,-187,100.7%,98.3%,-0.7%,09/11/21,Marche,MAR,90+,18.29%
0-9 anni,273053,0,0,0,0,0,0,0,273053,0.0%,0.0%,100.0%,09/11/21,Toscana,TOS,0-11,0.00%
10-19 anni,330958,209114,187597,187840,28,7684,13562,243,121844,63.2%,59.1%,36.8%,09/11/21,Toscana,TOS,12-19,0.07%
20-29 anni,338693,316592,277005,286488,440,12427,17237,9483,22101,93.5%,88.4%,6.5%,09/11/21,Toscana,TOS,20-29,2.80%
30-39 anni,395198,352506,309821,321309,542,12770,17885,11488,42692,89.2%,84.7%,10.8%,09/11/21,Toscana,TOS,30-39,2.91%
40-49 anni,540242,472526,420068,435067,755,17708,18996,14999,67716,87.5%,83.9%,12.5%,09/11/21,Toscana,TOS,40-49,2.78%
50-59 anni,590377,538809,479709,501736,1182,20273,15618,22027,51568,91.3%,88.6%,8.7%,09/11/21,Toscana,TOS,50-59,3.73%
60-69 anni,467270,430453,334138,357125,56775,11496,5057,22987,36817,92.1%,91.0%,7.9%,09/11/21,Toscana,TOS,60-69,4.92%
70-79 anni,406475,382011,335806,352626,19416,9936,33,16820,24464,94.0%,94.0%,6.0%,09/11/21,Toscana,TOS,70-79,4.14%
80-89 anni,263150,261595,162071,252118,879,7542,1056,90047,1555,99.4%,99.0%,0.6%,09/11/21,Toscana,TOS,80-89,34.22%
oltre 90 anni,62917,66350,34588,63121,46,2029,1154,28533,-3433,105.5%,103.6%,-5.5%,09/11/21,Toscana,TOS,90+,45.35%
0-9 anni,463919,0,0,0,0,0,0,0,463919,0.0%,0.0%,100.0%,09/11/21,Lazio,LAZ,0-11,0.00%
10-19 anni,540535,313682,284436,284535,2861,8641,17645,99,226853,58.0%,54.8%,42.0%,09/11/21,Lazio,LAZ,12-19,0.02%
20-29 anni,558855,503342,419563,423523,42404,16449,20966,3960,55513,90.1%,86.3%,9.9%,09/11/21,Lazio,LAZ,20-29,0.71%
30-39 anni,665641,574539,478340,485205,53985,17855,17494,6865,91102,86.3%,83.7%,13.7%,09/11/21,Lazio,LAZ,30-39,1.03%
40-49 anni,879906,759940,622802,632440,79856,25082,22562,9638,119966,86.4%,83.8%,13.6%,09/11/21,Lazio,LAZ,40-49,1.10%
50-59 anni,940470,855206,704620,718533,89356,28711,18606,13913,85264,90.9%,89.0%,9.1%,09/11/21,Lazio,LAZ,50-59,1.48%
60-69 anni,707706,664817,583160,612737,22218,19235,10627,29577,42889,93.9%,92.4%,6.1%,09/11/21,Lazio,LAZ,60-69,4.18%
70-79 anni,551477,524553,453187,500275,5766,11373,7139,47088,26924,95.1%,93.8%,4.9%,09/11/21,Lazio,LAZ,70-79,8.54%
80-89 anni,338530,333370,212885,321782,297,5313,5978,108897,5160,98.5%,96.7%,1.5%,09/11/21,Lazio,LAZ,80-89,32.17%
oltre 90 anni,73757,74484,48939,70409,116,1460,2499,21470,-727,101.0%,97.6%,-1.0%,09/11/21,Lazio,LAZ,90+,29.11%
0-9 anni,64317,0,0,0,0,0,0,0,64317,0.0%,0.0%,100.0%,09/11/21,Umbria,UMB,0-11,0.00%
10-19 anni,78462,45897,40721,40758,15,1168,3956,37,32565,58.5%,53.5%,41.5%,09/11/21,Umbria,UMB,12-19,0.05%
20-29 anni,81178,68234,60291,61368,306,2260,4300,1077,12944,84.1%,78.8%,15.9%,09/11/21,Umbria,UMB,20-29,1.33%
30-39 anni,95565,78024,68397,70765,201,2731,4327,2368,17541,81.6%,77.1%,18.4%,09/11/21,Umbria,UMB,30-39,2.48%
40-49 anni,124859,105486,93286,96515,108,4046,4817,3229,19373,84.5%,80.6%,15.5%,09/11/21,Umbria,UMB,40-49,2.59%
50-59 anni,135406,120381,107728,112334,84,4172,3791,4606,15025,88.9%,86.1%,11.1%,09/11/21,Umbria,UMB,50-59,3.40%
60-69 anni,111650,103375,75078,81621,17724,2246,1784,6543,8275,92.6%,91.0%,7.4%,09/11/21,Umbria,UMB,60-69,5.86%
70-79 anni,94797,91021,79325,85191,2477,1830,1523,5866,3776,96.0%,94.4%,4.0%,09/11/21,Umbria,UMB,70-79,6.19%
80-89 anni,63188,63873,32540,61647,41,1265,920,29107,-685,101.1%,99.6%,-1.1%,09/11/21,Umbria,UMB,80-89,46.06%
oltre 90 anni,15591,16911,11378,16035,10,370,496,4657,-1320,108.5%,105.3%,-8.5%,09/11/21,Umbria,UMB,90+,29.87%
0-9 anni,97834,0,0,0,0,0,0,0,97834,0.0%,0.0%,100.0%,09/11/21,Abruzzo,ABR,0-11,0.00%
10-19 anni,115344,70031,63057,63085,94,1948,4904,28,45313,60.7%,56.5%,39.3%,09/11/21,Abruzzo,ABR,12-19,0.02%
20-29 anni,128330,112121,100507,101492,1353,3935,5341,985,16209,87.4%,83.2%,12.6%,09/11/21,Abruzzo,ABR,20-29,0.77%
30-39 anni,148176,120125,105969,108021,2266,4139,5699,2052,28051,81.1%,77.2%,18.9%,09/11/21,Abruzzo,ABR,30-39,1.38%
40-49 anni,185634,154248,135965,138606,4866,5544,5232,2641,31386,83.1%,80.3%,16.9%,09/11/21,Abruzzo,ABR,40-49,1.42%
50-59 anni,204504,179591,157098,160795,7354,6435,5007,3697,24913,87.8%,85.4%,12.2%,09/11/21,Abruzzo,ABR,50-59,1.81%
60-69 anni,168878,154238,134847,141216,5712,4954,2356,6369,14640,91.3%,89.9%,8.7%,09/11/21,Abruzzo,ABR,60-69,3.77%
70-79 anni,131536,124353,112290,117844,2480,3210,819,5554,7183,94.5%,93.9%,5.5%,09/11/21,Abruzzo,ABR,70-79,4.22%
80-89 anni,84626,79277,55709,76643,196,1847,591,20934,5349,93.7%,93.0%,6.3%,09/11/21,Abruzzo,ABR,80-89,24.74%
oltre 90 anni,20394,19423,13914,18548,54,561,260,4634,971,95.2%,94.0%,4.8%,09/11/21,Abruzzo,ABR,90+,22.72%
0-9 anni,20523,0,0,0,0,0,0,0,20523,0.0%,0.0%,100.0%,09/11/21,Molise,MOL,0-11,0.00%
10-19 anni,25234,16470,14761,14773,19,349,1329,12,8764,65.3%,60.0%,34.7%,09/11/21,Molise,MOL,12-19,0.05%
20-29 anni,31281,25930,21930,22137,1101,708,1984,207,5351,82.9%,76.6%,17.1%,09/11/21,Molise,MOL,20-29,0.66%
30-39 anni,33973,27515,22871,23352,1102,870,2191,481,6458,81.0%,74.5%,19.0%,09/11/21,Molise,MOL,30-39,1.42%
40-49 anni,41036,35663,31671,32452,616,1136,1459,781,5373,86.9%,83.4%,13.1%,09/11/21,Molise,MOL,40-49,1.90%
50-59 anni,46916,43732,37195,39147,1144,1746,1695,1952,3184,93.2%,89.6%,6.8%,09/11/21,Molise,MOL,50-59,4.16%
60-69 anni,40784,38608,30085,35532,1482,1236,358,5447,2176,94.7%,93.8%,5.3%,09/11/21,Molise,MOL,60-69,13.36%
70-79 anni,30617,29404,23421,28273,541,688,-98,4852,1213,96.0%,96.4%,4.0%,09/11/21,Molise,MOL,70-79,15.85%
80-89 anni,20753,19923,5799,19036,27,447,413,13237,830,96.0%,94.0%,4.0%,09/11/21,Molise,MOL,80-89,63.78%
oltre 90 anni,5430,5497,2410,5043,3,200,251,2633,-67,101.2%,96.6%,-1.2%,09/11/21,Molise,MOL,90+,48.49%
0-9 anni,498552,0,0,0,0,0,0,0,498552,0.0%,0.0%,100.0%,09/11/21,Campania,CAM,0-11,0.00%
10-19 anni,616169,355471,300267,300498,20763,10728,23482,231,260698,57.7%,53.9%,42.3%,09/11/21,Campania,CAM,12-19,0.04%
20-29 anni,685126,565412,478448,483360,23795,23925,34332,4912,119714,82.5%,77.5%,17.5%,09/11/21,Campania,CAM,20-29,0.72%
30-39 anni,706752,570901,479632,487946,24395,24218,34342,8314,135851,80.8%,75.9%,19.2%,09/11/21,Campania,CAM,30-39,1.18%
40-49 anni,819391,685589,596688,607896,18070,29037,30586,11208,133802,83.7%,79.9%,16.3%,09/11/21,Campania,CAM,40-49,1.37%
50-59 anni,871123,769296,673798,695270,12360,39014,22652,21472,101827,88.3%,85.7%,11.7%,09/11/21,Campania,CAM,50-59,2.46%
60-69 anni,681008,623482,527200,566434,13870,27212,15966,39234,57526,91.6%,89.2%,8.4%,09/11/21,Campania,CAM,60-69,5.76%
70-79 anni,491191,455054,392503,427184,2535,16166,9169,34681,36137,92.6%,90.8%,7.4%,09/11/21,Campania,CAM,70-79,7.06%
80-89 anni,258456,235471,149746,225519,96,6143,3713,75773,22985,91.1%,89.7%,8.9%,09/11/21,Campania,CAM,80-89,29.32%
oltre 90 anni,51991,45146,32580,42649,6,932,1559,10069,6845,86.8%,83.8%,13.2%,09/11/21,Campania,CAM,90+,19.37%
0-9 anni,307917,0,0,0,0,0,0,0,307917,0.0%,0.0%,100.0%,09/11/21,Puglia,PUG,0-11,0.00%
10-19 anni,389429,253504,229839,229940,921,8439,14204,101,135925,65.1%,61.4%,34.9%,09/11/21,Puglia,PUG,12-19,0.03%
20-29 anni,435687,368196,323364,328094,4846,15283,19973,4730,67491,84.5%,79.9%,15.5%,09/11/21,Puglia,PUG,20-29,1.09%
30-39 anni,453251,383611,333206,340709,6660,15842,20400,7503,69640,84.6%,80.1%,15.4%,09/11/21,Puglia,PUG,30-39,1.66%
40-49 anni,570896,501670,431035,440780,21800,20784,18306,9745,69226,87.9%,84.7%,12.1%,09/11/21,Puglia,PUG,40-49,1.71%
50-59 anni,607181,561319,472859,486808,32938,24691,16882,13949,45862,92.4%,89.7%,7.6%,09/11/21,Puglia,PUG,50-59,2.30%
60-69 anni,494337,473495,403501,419809,26506,18746,8434,16308,20842,95.8%,94.1%,4.2%,09/11/21,Puglia,PUG,60-69,3.30%
70-79 anni,395276,385497,345537,355159,13598,11367,5373,9622,9779,97.5%,96.2%,2.5%,09/11/21,Puglia,PUG,70-79,2.43%
80-89 anni,224826,220479,166029,211339,136,4492,4512,45310,4347,98.1%,96.1%,1.9%,09/11/21,Puglia,PUG,80-89,20.15%
oltre 90 anni,48131,49019,39731,46225,5,966,1823,6494,-888,101.8%,98.1%,-1.8%,09/11/21,Puglia,PUG,90+,13.49%
0-9 anni,39386,0,0,0,0,0,0,0,39386,0.0%,0.0%,100.0%,09/11/21,Basilicata,BAS,0-11,0.00%
10-19 anni,50240,32222,27893,27900,1588,859,1875,7,18018,64.1%,60.4%,35.9%,09/11/21,Basilicata,BAS,12-19,0.01%
20-29 anni,59650,47759,42876,43060,902,1567,2230,184,11891,80.1%,76.3%,19.9%,09/11/21,Basilicata,BAS,20-29,0.31%
30-39 anni,64519,50101,45294,45742,611,1471,2277,448,14418,77.7%,74.1%,22.3%,09/11/21,Basilicata,BAS,30-39,0.69%
40-49 anni,76260,64126,56644,57381,2849,1887,2009,737,12134,84.1%,81.5%,15.9%,09/11/21,Basilicata,BAS,40-49,0.97%
50-59 anni,87305,78465,69809,70782,3024,2435,2224,973,8840,89.9%,87.3%,10.1%,09/11/21,Basilicata,BAS,50-59,1.11%
60-69 anni,73674,69320,62418,64110,2099,1651,1460,1692,4354,94.1%,92.1%,5.9%,09/11/21,Basilicata,BAS,60-69,2.30%
70-79 anni,52557,50507,47711,48559,135,1008,805,848,2050,96.1%,94.6%,3.9%,09/11/21,Basilicata,BAS,70-79,1.61%
80-89 anni,35786,33537,26181,32417,5,522,593,6236,2249,93.7%,92.1%,6.3%,09/11/21,Basilicata,BAS,80-89,17.43%
oltre 90 anni,8202,8181,6561,7745,1,144,291,1184,21,99.7%,96.2%,0.3%,09/11/21,Basilicata,BAS,90+,14.44%
0-9 anni,154451,0,0,0,0,0,0,0,154451,0.0%,0.0%,100.0%,09/11/21,Calabria,CAL,0-11,0.00%
10-19 anni,181488,99695,90476,90494,590,1763,6848,18,81793,54.9%,51.2%,45.1%,09/11/21,Calabria,CAL,12-19,0.01%
20-29 anni,208920,161788,143375,143935,5467,3495,8891,560,47132,77.4%,73.2%,22.6%,09/11/21,Calabria,CAL,20-29,0.27%
30-39 anni,232935,172231,150845,151930,7076,3411,9814,1085,60704,73.9%,69.7%,26.1%,09/11/21,Calabria,CAL,30-39,0.47%
40-49 anni,261369,207255,178074,179678,14842,3999,8736,1604,54114,79.3%,76.0%,20.7%,09/11/21,Calabria,CAL,40-49,0.61%
50-59 anni,284757,237664,207282,210132,15221,4298,8013,2850,47093,83.5%,80.6%,16.5%,09/11/21,Calabria,CAL,50-59,1.00%
60-69 anni,243667,215003,195188,201762,6785,3007,3449,6574,28664,88.2%,86.8%,11.8%,09/11/21,Calabria,CAL,60-69,2.70%
70-79 anni,177666,160506,149955,155166,2185,1605,1550,5211,17160,90.3%,89.5%,9.7%,09/11/21,Calabria,CAL,70-79,2.93%
80-89 anni,108240,93602,80918,91169,75,687,1671,10251,14638,86.5%,84.9%,13.5%,09/11/21,Calabria,CAL,80-89,9.47%
oltre 90 anni,24235,20253,17496,19311,17,134,791,1815,3982,83.6%,80.3%,16.4%,09/11/21,Calabria,CAL,90+,7.49%
0-9 anni,411065,0,0,0,0,0,0,0,411065,0.0%,0.0%,100.0%,09/11/21,Sicilia,SIC,0-11,0.00%
10-19 anni,491263,267958,232299,232361,9044,6175,20378,62,223305,54.5%,50.4%,45.5%,09/11/21,Sicilia,SIC,12-19,0.01%
20-29 anni,551159,427617,369439,371822,15872,12475,27448,2383,123542,77.6%,72.6%,22.4%,09/11/21,Sicilia,SIC,20-29,0.43%
30-39 anni,581042,444977,386337,390082,15062,11787,28046,3745,136065,76.6%,71.8%,23.4%,09/11/21,Sicilia,SIC,30-39,0.64%
40-49 anni,684564,549161,480633,485860,22562,14576,26163,5227,135403,80.2%,76.4%,19.8%,09/11/21,Sicilia,SIC,40-49,0.76%
50-59 anni,732410,624399,553173,562007,21687,17199,23506,8834,108011,85.3%,82.0%,14.7%,09/11/21,Sicilia,SIC,50-59,1.21%
60-69 anni,608346,536215,475100,494680,15256,12337,13942,19580,72131,88.1%,85.9%,11.9%,09/11/21,Sicilia,SIC,60-69,3.22%
70-79 anni,460198,412368,373370,391638,4896,7179,8655,18268,47830,89.6%,87.7%,10.4%,09/11/21,Sicilia,SIC,70-79,3.97%
80-89 anni,265138,234448,192942,225612,110,3726,5000,32670,30690,88.4%,86.5%,11.6%,09/11/21,Sicilia,SIC,80-89,12.32%
oltre 90 anni,55691,49260,40926,46232,16,970,2042,5306,6431,88.5%,84.8%,11.5%,09/11/21,Sicilia,SIC,90+,9.53%
0-9 anni,105570,0,0,0,0,0,0,0,105570,0.0%,0.0%,100.0%,09/11/21,Sardegna,SAR,0-11,0.00%
10-19 anni,134368,87869,80897,80922,3,1556,5388,25,46499,65.4%,61.4%,34.6%,09/11/21,Sardegna,SAR,12-19,0.02%
20-29 anni,149270,124600,114741,115934,96,3287,5283,1193,24670,83.5%,79.9%,16.5%,09/11/21,Sardegna,SAR,20-29,0.80%
30-39 anni,180864,145922,132879,135696,290,3561,6375,2817,34942,80.7%,77.2%,19.3%,09/11/21,Sardegna,SAR,30-39,1.56%
40-49 anni,244621,204494,187836,191900,527,5109,6958,4064,40127,83.6%,80.8%,16.4%,09/11/21,Sardegna,SAR,40-49,1.66%
50-59 anni,266104,234539,215025,221385,837,5759,6558,6360,31565,88.1%,85.7%,11.9%,09/11/21,Sardegna,SAR,50-59,2.39%
60-69 anni,225334,207279,177060,185268,13924,4408,3679,8208,18055,92.0%,90.4%,8.0%,09/11/21,Sardegna,SAR,60-69,3.64%
70-79 anni,172099,161316,145725,152416,5864,2685,351,6691,10783,93.7%,93.5%,6.3%,09/11/21,Sardegna,SAR,70-79,3.89%
80-89 anni,97957,92719,69405,89612,161,1383,1563,20207,5238,94.7%,93.1%,5.3%,09/11/21,Sardegna,SAR,80-89,20.63%
oltre 90 anni,22038,20776,15903,19558,49,430,739,3655,1262,94.3%,90.9%,5.7%,09/11/21,Sardegna,SAR,90+,16.58%
