Età,Popolazione,Prima,Due dosi,Seconda dose,Dose unica J&J,Dose guariti,Prima dose,Dose aggiuntiva/booster,Popolazione non vaccinata,Almeno una dose,Completa,Non vaccinati,aggiornamento,Regione,area,fascia,Aggiuntiva/booster
0-9 anni,4742049,0,0,0,0,0,0,0,4742049,0.0%,0.0%,100.0%,29/10/21,Italia,ITA,0-11,0.00%
10-19 anni,5673197,3335324,2952136,2953191,40008,104667,237458,1055,2337873,58.8%,54.6%,41.2%,29/10/21,Italia,ITA,12-19,0.02%
20-29 anni,6041667,5282445,4576387,4611109,124160,199064,348112,34722,759222,87.4%,81.7%,12.6%,29/10/21,Italia,ITA,20-29,0.57%
30-39 anni,6747378,5630757,4862302,4917468,142656,205875,364758,55166,1116621,83.5%,78.0%,16.5%,29/10/21,Italia,ITA,30-39,0.82%
40-49 anni,8700035,7284758,6364307,6444613,200973,284866,354306,80306,1415277,83.7%,79.7%,16.3%,29/10/21,Italia,ITA,40-49,0.92%
50-59 anni,9466362,8378296,7229537,7358259,377044,347301,295692,128722,1088066,88.5%,85.4%,11.5%,29/10/21,Italia,ITA,50-59,1.36%
60-69 anni,7441208,6782717,5785278,5957153,440875,241223,143466,171875,658491,91.2%,89.2%,8.8%,29/10/21,Italia,ITA,60-69,2.31%
70-79 anni,5965244,5561582,5019676,5163162,151486,165493,81441,143486,403662,93.2%,91.9%,6.8%,29/10/21,Italia,ITA,70-79,2.41%
80-89 anni,3665286,3531028,2673643,3390620,10218,77689,52501,716977,134258,96.3%,94.9%,3.7%,29/10/21,Italia,ITA,80-89,19.56%
oltre 90 anni,815140,816656,614180,769164,3826,18981,24685,154984,-1516,100.2%,97.2%,-0.2%,29/10/21,Italia,ITA,90+,19.01%
TOTALE,59257566,46603563,40077446,41564739,1491246,1645159,1902419,1487293,12654003,78.6%,75.4%,21.4%,29/10/21,TOTALE,ITA,TOTALE,2.51%
0-9 anni,827209,0,0,0,0,0,0,0,827209,0.0%,0.0%,100.0%,29/10/21,Lombardia,LOM,0-11,0.00%
10-19 anni,964465,616762,560521,560599,153,21288,34722,78,347703,63.9%,60.3%,36.1%,29/10/21,Lombardia,LOM,12-19,0.01%
20-29 anni,983209,943643,857484,857994,1705,38591,45353,510,39566,96.0%,91.4%,4.0%,29/10/21,Lombardia,LOM,20-29,0.05%
30-39 anni,1145186,1029550,939736,940759,3376,40922,44493,1023,115636,89.9%,86.0%,10.1%,29/10/21,Lombardia,LOM,30-39,0.09%
40-49 anni,1504315,1307098,1196822,1199387,10485,55858,41368,2565,197217,86.9%,84.1%,13.1%,29/10/21,Lombardia,LOM,40-49,0.17%
50-59 anni,1609940,1473640,1206869,1212157,167339,64078,30066,5288,136300,91.5%,89.7%,8.5%,29/10/21,Lombardia,LOM,50-59,0.33%
60-69 anni,1201057,1112979,968137,974039,78601,46841,13498,5902,88078,92.7%,91.5%,7.3%,29/10/21,Lombardia,LOM,60-69,0.49%
70-79 anni,988111,929758,850139,855966,29893,33916,9983,5827,58353,94.1%,93.1%,5.9%,29/10/21,Lombardia,LOM,70-79,0.59%
80-89 anni,615067,607412,582146,588888,2124,12379,4021,6742,7655,98.8%,98.1%,1.2%,29/10/21,Lombardia,LOM,80-89,1.10%
oltre 90 anni,128433,135145,128627,129642,286,2159,3058,1015,-6712,105.2%,102.8%,-5.2%,29/10/21,Lombardia,LOM,90+,0.79%
0-9 anni,355686,0,0,0,0,0,0,0,355686,0.0%,0.0%,100.0%,29/10/21,Emilia-Romagna,EMR,0-11,0.00%
10-19 anni,411452,245616,216819,216898,1027,11060,16631,79,165836,59.7%,55.7%,40.3%,29/10/21,Emilia-Romagna,EMR,12-19,0.02%
20-29 anni,420475,390348,339481,339851,8942,16999,24556,370,30127,92.8%,87.0%,7.2%,29/10/21,Emilia-Romagna,EMR,20-29,0.09%
30-39 anni,495231,426545,372134,372904,8423,17630,27588,770,68686,86.1%,80.6%,13.9%,29/10/21,Emilia-Romagna,EMR,30-39,0.16%
40-49 anni,674865,564401,499765,501707,9581,25654,27459,1942,110464,83.6%,79.6%,16.4%,29/10/21,Emilia-Romagna,EMR,40-49,0.29%
50-59 anni,712475,633708,575000,578916,6761,28700,19331,3916,78767,88.9%,86.2%,11.1%,29/10/21,Emilia-Romagna,EMR,50-59,0.55%
60-69 anni,549321,501498,421170,426045,51330,16168,7955,4875,47823,91.3%,89.8%,8.7%,29/10/21,Emilia-Romagna,EMR,60-69,0.89%
70-79 anni,454505,425177,386859,392150,17029,11197,4801,5291,29328,93.5%,92.5%,6.5%,29/10/21,Emilia-Romagna,EMR,70-79,1.16%
80-89 anni,299028,293710,274884,281967,1127,6764,3852,7083,5318,98.2%,96.9%,1.8%,29/10/21,Emilia-Romagna,EMR,80-89,2.37%
oltre 90 anni,72511,76217,70299,71708,623,1816,2070,1409,-3706,105.1%,102.3%,-5.1%,29/10/21,Emilia-Romagna,EMR,90+,1.94%
0-9 anni,385892,0,0,0,0,0,0,0,385892,0.0%,0.0%,100.0%,29/10/21,Veneto,VEN,0-11,0.00%
10-19 anni,466296,261245,232242,232318,121,8555,20251,76,205051,56.0%,51.7%,44.0%,29/10/21,Veneto,VEN,12-19,0.02%
20-29 anni,481339,421903,372450,372786,663,16731,31723,336,59436,87.7%,81.1%,12.3%,29/10/21,Veneto,VEN,20-29,0.07%
30-39 anni,524439,431944,380467,381048,903,16029,33964,581,92495,82.4%,75.9%,17.6%,29/10/21,Veneto,VEN,30-39,0.11%
40-49 anni,717331,581693,520906,522526,1921,26927,30319,1620,135638,81.1%,76.9%,18.9%,29/10/21,Veneto,VEN,40-49,0.23%
50-59 anni,806474,696086,625663,628782,4119,37922,25263,3119,110388,86.3%,83.2%,13.7%,29/10/21,Veneto,VEN,50-59,0.39%
60-69 anni,610635,551385,462223,466710,48940,26758,8977,4487,59250,90.3%,88.8%,9.7%,29/10/21,Veneto,VEN,60-69,0.73%
70-79 anni,494721,462127,413601,418885,17831,19622,5789,5284,32594,93.4%,92.2%,6.6%,29/10/21,Veneto,VEN,70-79,1.07%
80-89 anni,298205,296497,276519,281302,1218,9571,4406,4783,1708,99.4%,97.9%,0.6%,29/10/21,Veneto,VEN,80-89,1.60%
oltre 90 anni,67121,70042,64304,64885,299,2746,2112,581,-2921,104.4%,101.2%,-4.4%,29/10/21,Veneto,VEN,90+,0.87%
0-9 anni,322117,0,0,0,0,0,0,0,322117,0.0%,0.0%,100.0%,29/10/21,Piemonte,PIE,0-11,0.00%
10-19 anni,383188,217456,189235,189376,317,7264,20499,141,165732,56.7%,51.4%,43.3%,29/10/21,Piemonte,PIE,12-19,0.04%
20-29 anni,404501,364204,315113,315838,2599,13923,31844,725,40297,90.0%,82.2%,10.0%,29/10/21,Piemonte,PIE,20-29,0.18%
30-39 anni,453297,376388,319167,320485,6995,15136,33772,1318,76909,83.0%,75.6%,17.0%,29/10/21,Piemonte,PIE,30-39,0.29%
40-49 anni,612180,498143,431189,434603,4917,21557,37066,3414,114037,81.4%,75.3%,18.6%,29/10/21,Piemonte,PIE,40-49,0.56%
50-59 anni,692135,600733,525083,532493,8430,26751,33059,7410,91402,86.8%,82.0%,13.2%,29/10/21,Piemonte,PIE,50-59,1.07%
60-69 anni,559966,495538,413341,424281,34952,20455,15850,10940,64428,88.5%,85.7%,11.5%,29/10/21,Piemonte,PIE,60-69,1.95%
70-79 anni,473035,435818,386287,400081,10144,16002,9591,13794,37217,92.1%,90.1%,7.9%,29/10/21,Piemonte,PIE,70-79,2.92%
80-89 anni,307031,298770,282576,283268,2372,7546,5584,692,8261,97.3%,95.5%,2.7%,29/10/21,Piemonte,PIE,80-89,0.23%
oltre 90 anni,65760,68233,62288,62410,1904,1804,2115,122,-2473,103.8%,100.5%,-3.8%,29/10/21,Piemonte,PIE,90+,0.19%
0-9 anni,87116,0,0,0,0,0,0,0,87116,0.0%,0.0%,100.0%,29/10/21,Friuli VG,FVG,0-11,0.00%
10-19 anni,105798,57981,51183,51186,12,2125,4658,3,47817,54.8%,50.4%,45.2%,29/10/21,Friuli VG,FVG,12-19,0.00%
20-29 anni,109577,101161,88719,88765,241,4822,7333,46,8416,92.3%,85.6%,7.7%,29/10/21,Friuli VG,FVG,20-29,0.04%
30-39 anni,123868,103110,89604,89700,299,4979,8132,96,20758,83.2%,76.7%,16.8%,29/10/21,Friuli VG,FVG,30-39,0.08%
40-49 anni,172496,136535,120007,120231,542,7787,7975,224,35961,79.2%,74.5%,20.8%,29/10/21,Friuli VG,FVG,40-49,0.13%
50-59 anni,197534,165214,146354,146773,575,10201,7665,419,32320,83.6%,79.8%,16.4%,29/10/21,Friuli VG,FVG,50-59,0.21%
60-69 anni,156447,134432,107466,108122,16465,6316,3529,656,22015,85.9%,83.7%,14.1%,29/10/21,Friuli VG,FVG,60-69,0.42%
70-79 anni,140238,123981,110026,110810,5960,4992,2219,784,16257,88.4%,86.8%,11.6%,29/10/21,Friuli VG,FVG,70-79,0.56%
80-89 anni,85322,82250,79065,79868,61,865,1456,803,3072,96.4%,94.7%,3.6%,29/10/21,Friuli VG,FVG,80-89,0.94%
oltre 90 anni,20357,19872,18993,19110,3,176,583,117,485,97.6%,94.8%,2.4%,29/10/21,Friuli VG,FVG,90+,0.57%
0-9 anni,9667,0,0,0,0,0,0,0,9667,0.0%,0.0%,100.0%,29/10/21,Valle d'Aosta,VDA,0-11,0.00%
10-19 anni,11812,6228,5425,5425,175,173,455,0,5584,52.7%,48.9%,47.3%,29/10/21,Valle d'Aosta,VDA,12-19,0.00%
20-29 anni,11940,9808,8544,8547,140,385,736,3,2132,82.1%,76.0%,17.9%,29/10/21,Valle d'Aosta,VDA,20-29,0.03%
30-39 anni,13010,10082,8771,8774,52,444,812,3,2928,77.5%,71.3%,22.5%,29/10/21,Valle d'Aosta,VDA,30-39,0.02%
40-49 anni,17884,13599,12083,12099,66,654,780,16,4285,76.0%,71.7%,24.0%,29/10/21,Valle d'Aosta,VDA,40-49,0.09%
50-59 anni,20922,17431,15780,15806,44,840,741,26,3491,83.3%,79.8%,16.7%,29/10/21,Valle d'Aosta,VDA,50-59,0.12%
60-69 anni,16123,13817,12314,12352,455,666,344,38,2306,85.7%,83.6%,14.3%,29/10/21,Valle d'Aosta,VDA,60-69,0.24%
70-79 anni,12953,11744,10913,10974,80,569,121,61,1209,90.7%,89.7%,9.3%,29/10/21,Valle d'Aosta,VDA,70-79,0.47%
80-89 anni,7803,7470,6974,7036,2,300,132,62,333,95.7%,94.0%,4.3%,29/10/21,Valle d'Aosta,VDA,80-89,0.79%
oltre 90 anni,1781,1782,1644,1658,0,78,46,14,-1,100.1%,97.5%,-0.1%,29/10/21,Valle d'Aosta,VDA,90+,0.79%
0-9 anni,101299,0,0,0,0,0,0,0,101299,0.0%,0.0%,100.0%,29/10/21,Liguria,LIG,0-11,0.00%
10-19 anni,126067,67418,59922,59924,1982,1361,4151,2,58649,53.5%,50.2%,46.5%,29/10/21,Liguria,LIG,12-19,0.00%
20-29 anni,136820,119798,98707,98746,10910,2659,7483,39,17022,87.6%,82.1%,12.4%,29/10/21,Liguria,LIG,20-29,0.03%
30-39 anni,147115,121494,102949,103048,7380,2654,8412,99,25621,82.6%,76.9%,17.4%,29/10/21,Liguria,LIG,30-39,0.07%
40-49 anni,203007,162732,147356,147534,2613,3908,8677,178,40275,80.2%,75.9%,19.8%,29/10/21,Liguria,LIG,40-49,0.09%
50-59 anni,253220,215166,199996,200411,946,5055,8754,415,38054,85.0%,81.5%,15.0%,29/10/21,Liguria,LIG,50-59,0.16%
60-69 anni,203505,178656,163657,164207,6374,3378,4697,550,24849,87.8%,85.5%,12.2%,29/10/21,Liguria,LIG,60-69,0.27%
70-79 anni,182496,164006,156375,157047,2144,2222,2593,672,18490,89.9%,88.4%,10.1%,29/10/21,Liguria,LIG,70-79,0.37%
80-89 anni,125677,119917,114479,116222,141,1258,2296,1743,5760,95.4%,93.6%,4.6%,29/10/21,Liguria,LIG,80-89,1.39%
oltre 90 anni,30599,30465,28409,28852,163,309,1141,443,134,99.6%,95.8%,0.4%,29/10/21,Liguria,LIG,90+,1.45%
0-9 anni,47826,0,0,0,0,0,0,0,47826,0.0%,0.0%,100.0%,29/10/21,Trento,PAT,0-11,0.00%
10-19 anni,55756,31600,27425,27428,8,1093,3071,3,24156,56.7%,51.2%,43.3%,29/10/21,Trento,PAT,12-19,0.01%
20-29 anni,58234,54758,46072,46114,29,2698,5917,42,3476,94.0%,83.9%,6.0%,29/10/21,Trento,PAT,20-29,0.07%
30-39 anni,61070,52169,43919,43980,44,2781,5364,61,8901,85.4%,76.6%,14.6%,29/10/21,Trento,PAT,30-39,0.10%
40-49 anni,76322,63196,53357,53496,1100,3829,4771,139,13126,82.8%,76.6%,17.2%,29/10/21,Trento,PAT,40-49,0.18%
50-59 anni,86000,74990,64333,64571,543,6160,3716,238,11010,87.2%,82.9%,12.8%,29/10/21,Trento,PAT,50-59,0.28%
60-69 anni,67987,61680,53463,53796,1822,4353,1709,333,6307,90.7%,88.2%,9.3%,29/10/21,Trento,PAT,60-69,0.49%
70-79 anni,52872,49737,44992,45273,524,2999,941,281,3135,94.1%,92.3%,5.9%,29/10/21,Trento,PAT,70-79,0.53%
80-89 anni,30673,30480,28238,28468,34,1404,574,230,193,99.4%,97.5%,0.6%,29/10/21,Trento,PAT,80-89,0.75%
oltre 90 anni,8005,8275,7642,7669,7,350,249,27,-270,103.4%,100.3%,-3.4%,29/10/21,Trento,PAT,90+,0.34%
0-9 anni,54481,0,0,0,0,0,0,0,54481,0.0%,0.0%,100.0%,29/10/21,Bolzano,PAB,0-11,0.00%
10-19 anni,57132,26205,21326,21339,286,1085,3495,13,30927,45.9%,39.8%,54.1%,29/10/21,Bolzano,PAB,12-19,0.02%
20-29 anni,61426,48138,39439,39506,2255,2425,3952,67,13288,78.4%,71.9%,21.6%,29/10/21,Bolzano,PAB,20-29,0.11%
30-39 anni,62922,48816,39713,39842,2807,2491,3676,129,14106,77.6%,71.7%,22.4%,29/10/21,Bolzano,PAB,30-39,0.21%
40-49 anni,74006,58802,49549,49841,1956,3577,3428,292,15204,79.5%,74.8%,20.5%,29/10/21,Bolzano,PAB,40-49,0.39%
50-59 anni,84510,70018,59823,60509,1304,4851,3354,686,14492,82.9%,78.9%,17.1%,29/10/21,Bolzano,PAB,50-59,0.81%
60-69 anni,58814,51313,43699,44611,2266,3191,1245,912,7501,87.2%,85.1%,12.8%,29/10/21,Bolzano,PAB,60-69,1.55%
70-79 anni,46424,40819,35565,36597,1374,2128,720,1032,5605,87.9%,86.4%,12.1%,29/10/21,Bolzano,PAB,70-79,2.22%
80-89 anni,27677,26179,23042,24027,528,1034,590,985,1498,94.6%,92.5%,5.4%,29/10/21,Bolzano,PAB,80-89,3.56%
oltre 90 anni,6323,5972,5153,5281,100,322,269,128,351,94.4%,90.2%,5.6%,29/10/21,Bolzano,PAB,90+,2.02%
0-9 anni,114169,0,0,0,0,0,0,0,114169,0.0%,0.0%,100.0%,29/10/21,Marche,MAR,0-11,0.00%
10-19 anni,137741,72730,65197,65207,28,2817,4678,10,65011,52.8%,49.4%,47.2%,29/10/21,Marche,MAR,12-19,0.01%
20-29 anni,145997,123277,110483,110587,358,5723,6609,104,22720,84.4%,79.9%,15.6%,29/10/21,Marche,MAR,20-29,0.07%
30-39 anni,163324,129581,115639,115860,493,5719,7509,221,33743,79.3%,74.7%,20.7%,29/10/21,Marche,MAR,30-39,0.14%
40-49 anni,218851,175314,158565,159067,1136,7992,7119,502,43537,80.1%,76.9%,19.9%,29/10/21,Marche,MAR,40-49,0.23%
50-59 anni,236599,201817,183676,184712,1904,9304,5897,1036,34782,85.3%,82.8%,14.7%,29/10/21,Marche,MAR,50-59,0.44%
60-69 anni,194699,173262,146341,148051,17382,6205,1624,1710,21437,89.0%,88.2%,11.0%,29/10/21,Marche,MAR,60-69,0.88%
70-79 anni,156000,145949,133076,134875,6642,4146,286,1799,10051,93.6%,93.4%,6.4%,29/10/21,Marche,MAR,70-79,1.15%
80-89 anni,108153,102901,98093,98581,593,2545,1182,488,5252,95.1%,94.1%,4.9%,29/10/21,Marche,MAR,80-89,0.45%
oltre 90 anni,25873,26047,24328,24424,119,872,632,96,-174,100.7%,98.2%,-0.7%,29/10/21,Marche,MAR,90+,0.37%
0-9 anni,273053,0,0,0,0,0,0,0,273053,0.0%,0.0%,100.0%,29/10/21,Toscana,TOS,0-11,0.00%
10-19 anni,330958,206856,184654,184743,28,7437,14648,89,124102,62.5%,58.1%,37.5%,29/10/21,Toscana,TOS,12-19,0.03%
20-29 anni,338693,314987,280887,281346,436,12163,21042,459,23706,93.0%,86.8%,7.0%,29/10/21,Toscana,TOS,20-29,0.14%
30-39 anni,395198,350669,314038,314817,540,12519,22793,779,44529,88.7%,83.0%,11.3%,29/10/21,Toscana,TOS,30-39,0.20%
40-49 anni,540242,470793,426997,428807,755,17367,23864,1810,69449,87.1%,82.7%,12.9%,29/10/21,Toscana,TOS,40-49,0.34%
50-59 anni,590377,537323,492827,496407,1181,20023,19712,3580,53054,91.0%,87.7%,9.0%,29/10/21,Toscana,TOS,50-59,0.61%
60-69 anni,467270,429617,348077,353380,56773,11357,8107,5303,37653,91.9%,90.2%,8.1%,29/10/21,Toscana,TOS,60-69,1.13%
70-79 anni,406475,381563,342536,349065,19415,9902,3181,6529,24912,93.9%,93.1%,6.1%,29/10/21,Toscana,TOS,70-79,1.61%
80-89 anni,263150,261344,248934,251083,878,7535,1848,2149,1806,99.3%,98.6%,0.7%,29/10/21,Toscana,TOS,80-89,0.82%
oltre 90 anni,62917,66263,62575,62884,46,2028,1305,309,-3346,105.3%,103.2%,-5.3%,29/10/21,Toscana,TOS,90+,0.49%
0-9 anni,463919,0,0,0,0,0,0,0,463919,0.0%,0.0%,100.0%,29/10/21,Lazio,LAZ,0-11,0.00%
10-19 anni,540535,309415,278753,278819,2848,8338,19410,66,231120,57.2%,53.7%,42.8%,29/10/21,Lazio,LAZ,12-19,0.01%
20-29 anni,558855,500466,413988,414325,42231,16190,27720,337,58389,89.6%,84.6%,10.4%,29/10/21,Lazio,LAZ,20-29,0.06%
30-39 anni,665641,570951,473281,473929,53776,17661,25585,648,94690,85.8%,81.9%,14.2%,29/10/21,Lazio,LAZ,30-39,0.10%
40-49 anni,879906,756933,620598,622228,79703,24830,30172,1630,122973,86.0%,82.6%,14.0%,29/10/21,Lazio,LAZ,40-49,0.19%
50-59 anni,940470,852904,705964,709280,89266,28610,25748,3316,87566,90.7%,88.0%,9.3%,29/10/21,Lazio,LAZ,50-59,0.35%
60-69 anni,707706,663685,604152,608126,22188,19928,13443,3974,44021,93.8%,91.9%,6.2%,29/10/21,Lazio,LAZ,60-69,0.56%
70-79 anni,551477,523963,494676,498552,5758,11933,7720,3876,27514,95.0%,93.6%,5.0%,29/10/21,Lazio,LAZ,70-79,0.70%
80-89 anni,338530,333068,319103,320889,297,5737,6145,1786,5462,98.4%,96.6%,1.6%,29/10/21,Lazio,LAZ,80-89,0.53%
oltre 90 anni,73757,74406,69937,70167,116,1571,2552,230,-649,100.9%,97.4%,-0.9%,29/10/21,Lazio,LAZ,90+,0.31%
0-9 anni,64317,0,0,0,0,0,0,0,64317,0.0%,0.0%,100.0%,29/10/21,Umbria,UMB,0-11,0.00%
10-19 anni,78462,45304,39857,39882,15,1126,4281,25,33158,57.7%,52.3%,42.3%,29/10/21,Umbria,UMB,12-19,0.03%
20-29 anni,81178,67576,59988,60130,305,2221,4920,142,13602,83.2%,77.2%,16.8%,29/10/21,Umbria,UMB,20-29,0.17%
30-39 anni,95565,77212,68848,69138,199,2727,5148,290,18353,80.8%,75.4%,19.2%,29/10/21,Umbria,UMB,30-39,0.30%
40-49 anni,124859,104694,94328,94925,108,4047,5614,597,20165,83.8%,79.4%,16.2%,29/10/21,Umbria,UMB,40-49,0.48%
50-59 anni,135406,119654,109635,110929,84,4183,4458,1294,15752,88.4%,85.1%,11.6%,29/10/21,Umbria,UMB,50-59,0.96%
60-69 anni,111650,102794,78864,80850,17707,2308,1929,1986,8856,92.1%,90.3%,7.9%,29/10/21,Umbria,UMB,60-69,1.78%
70-79 anni,94797,90653,82210,84825,2464,1884,1480,2615,4144,95.6%,94.1%,4.4%,29/10/21,Umbria,UMB,70-79,2.76%
80-89 anni,63188,62693,55207,60445,41,1366,841,5238,495,99.2%,97.9%,0.8%,29/10/21,Umbria,UMB,80-89,8.29%
oltre 90 anni,15591,16664,14547,15787,10,385,482,1240,-1073,106.9%,103.8%,-6.9%,29/10/21,Umbria,UMB,90+,7.95%
0-9 anni,97834,0,0,0,0,0,0,0,97834,0.0%,0.0%,100.0%,29/10/21,Abruzzo,ABR,0-11,0.00%
10-19 anni,115344,69312,61833,61842,94,1900,5476,9,46032,60.1%,55.3%,39.9%,29/10/21,Abruzzo,ABR,12-19,0.01%
20-29 anni,128330,111609,99527,99573,1353,3879,6804,46,16721,87.0%,81.7%,13.0%,29/10/21,Abruzzo,ABR,20-29,0.04%
30-39 anni,148176,119479,105237,105361,2263,4102,7753,124,28697,80.6%,75.4%,19.4%,29/10/21,Abruzzo,ABR,30-39,0.08%
40-49 anni,185634,153644,135873,136106,4865,5471,7202,233,31990,82.8%,78.9%,17.2%,29/10/21,Abruzzo,ABR,40-49,0.13%
50-59 anni,204504,179102,158282,158784,7352,6378,6588,502,25402,87.6%,84.4%,12.4%,29/10/21,Abruzzo,ABR,50-59,0.25%
60-69 anni,168878,153902,139459,140185,5706,4925,3086,726,14976,91.1%,89.3%,8.9%,29/10/21,Abruzzo,ABR,60-69,0.43%
70-79 anni,131536,124209,116613,117387,2476,3199,1147,774,7327,94.4%,93.6%,5.6%,29/10/21,Abruzzo,ABR,70-79,0.59%
80-89 anni,84626,79182,76188,76480,192,1842,668,292,5444,93.6%,92.8%,6.4%,29/10/21,Abruzzo,ABR,80-89,0.35%
oltre 90 anni,20394,19392,18454,18502,53,560,277,48,1002,95.1%,93.7%,4.9%,29/10/21,Abruzzo,ABR,90+,0.24%
0-9 anni,20523,0,0,0,0,0,0,0,20523,0.0%,0.0%,100.0%,29/10/21,Molise,MOL,0-11,0.00%
10-19 anni,25234,16337,14574,14584,19,344,1390,10,8897,64.7%,59.2%,35.3%,29/10/21,Molise,MOL,12-19,0.04%
20-29 anni,31281,25829,21814,21862,1101,705,2161,48,5452,82.6%,75.7%,17.4%,29/10/21,Molise,MOL,20-29,0.15%
30-39 anni,33973,27405,22922,22987,1102,875,2441,65,6568,80.7%,73.5%,19.3%,29/10/21,Molise,MOL,30-39,0.19%
40-49 anni,41036,35539,31931,32090,616,1133,1700,159,5497,86.6%,82.5%,13.4%,29/10/21,Molise,MOL,40-49,0.39%
50-59 anni,46916,43635,38507,38879,1144,1762,1850,372,3281,93.0%,89.1%,7.0%,29/10/21,Molise,MOL,50-59,0.79%
60-69 anni,40784,38535,34599,35349,1483,1273,430,750,2249,94.5%,93.4%,5.5%,29/10/21,Molise,MOL,60-69,1.84%
70-79 anni,30617,29371,27375,28167,542,715,-53,792,1246,95.9%,96.1%,4.1%,29/10/21,Molise,MOL,70-79,2.59%
80-89 anni,20753,19904,18556,19001,27,478,398,445,849,95.9%,94.0%,4.1%,29/10/21,Molise,MOL,80-89,2.14%
oltre 90 anni,5430,5486,4906,5031,3,209,243,125,-56,101.0%,96.6%,-1.0%,29/10/21,Molise,MOL,90+,2.30%
0-9 anni,498552,0,0,0,0,0,0,0,498552,0.0%,0.0%,100.0%,29/10/21,Campania,CAM,0-11,0.00%
10-19 anni,616169,351727,294611,294669,20762,10469,25827,58,264442,57.1%,52.9%,42.9%,29/10/21,Campania,CAM,12-19,0.01%
20-29 anni,685126,562117,472775,473058,23791,23519,41749,283,123009,82.0%,76.0%,18.0%,29/10/21,Campania,CAM,20-29,0.04%
30-39 anni,706752,566975,475610,476207,24390,23785,42593,597,139777,80.2%,74.2%,19.8%,29/10/21,Campania,CAM,30-39,0.08%
40-49 anni,819391,682371,596649,597992,18061,28651,37667,1343,137020,83.3%,78.7%,16.7%,29/10/21,Campania,CAM,40-49,0.16%
50-59 anni,871123,766644,682733,687452,12359,38713,28120,4719,104479,88.0%,84.8%,12.0%,29/10/21,Campania,CAM,50-59,0.54%
60-69 anni,681008,622008,553151,562250,13869,27054,18835,9099,59000,91.3%,88.6%,8.7%,29/10/21,Campania,CAM,60-69,1.34%
70-79 anni,491191,454377,418638,425575,2535,16104,10163,6937,36814,92.5%,90.4%,7.5%,29/10/21,Campania,CAM,70-79,1.41%
80-89 anni,258456,235217,223406,224940,96,6128,4053,1534,23239,91.0%,89.4%,9.0%,29/10/21,Campania,CAM,80-89,0.59%
oltre 90 anni,51991,45096,42298,42536,6,932,1622,238,6895,86.7%,83.6%,13.3%,29/10/21,Campania,CAM,90+,0.46%
0-9 anni,307917,0,0,0,0,0,0,0,307917,0.0%,0.0%,100.0%,29/10/21,Puglia,PUG,0-11,0.00%
10-19 anni,389429,251507,226921,226979,919,8258,15351,58,137922,64.6%,60.6%,35.4%,29/10/21,Puglia,PUG,12-19,0.01%
20-29 anni,435687,366272,322914,323212,4810,15113,23137,298,69415,84.1%,78.8%,15.9%,29/10/21,Puglia,PUG,20-29,0.07%
30-39 anni,453251,381424,334499,335065,6627,15693,24039,566,71827,84.2%,78.8%,15.8%,29/10/21,Puglia,PUG,30-39,0.12%
40-49 anni,570896,499811,434490,435859,21787,20618,21547,1369,71085,87.5%,83.8%,12.5%,29/10/21,Puglia,PUG,40-49,0.24%
50-59 anni,607181,559952,480259,483107,32934,24606,19305,2848,47229,92.2%,89.0%,7.8%,29/10/21,Puglia,PUG,50-59,0.47%
60-69 anni,494337,472801,413682,417115,26502,18896,10288,3433,21536,95.6%,93.6%,4.4%,29/10/21,Puglia,PUG,60-69,0.69%
70-79 anni,395276,385201,349763,353093,13597,11592,6919,3330,10075,97.5%,95.7%,2.5%,29/10/21,Puglia,PUG,70-79,0.84%
80-89 anni,224826,220350,209438,210938,136,4650,4626,1500,4476,98.0%,96.0%,2.0%,29/10/21,Puglia,PUG,80-89,0.67%
oltre 90 anni,48131,48982,46008,46136,5,992,1849,128,-851,101.8%,97.9%,-1.8%,29/10/21,Puglia,PUG,90+,0.27%
0-9 anni,39386,0,0,0,0,0,0,0,39386,0.0%,0.0%,100.0%,29/10/21,Basilicata,BAS,0-11,0.00%
10-19 anni,50240,31823,27401,27406,1579,813,2025,5,18417,63.3%,59.3%,36.7%,29/10/21,Basilicata,BAS,12-19,0.01%
20-29 anni,59650,47500,42302,42322,884,1528,2766,20,12150,79.6%,75.0%,20.4%,29/10/21,Basilicata,BAS,20-29,0.03%
30-39 anni,64519,49811,44657,44685,609,1428,3089,28,14708,77.2%,72.4%,22.8%,29/10/21,Basilicata,BAS,30-39,0.04%
40-49 anni,76260,63857,56400,56475,2848,1836,2698,75,12403,83.7%,80.2%,16.3%,29/10/21,Basilicata,BAS,40-49,0.10%
50-59 anni,87305,78196,69864,69994,3023,2373,2806,130,9109,89.6%,86.4%,10.4%,29/10/21,Basilicata,BAS,50-59,0.15%
60-69 anni,73674,69180,63518,63716,2097,1622,1745,198,4494,93.9%,91.5%,6.1%,29/10/21,Basilicata,BAS,60-69,0.27%
70-79 anni,52557,50431,48251,48424,134,999,874,173,2126,96.0%,94.3%,4.0%,29/10/21,Basilicata,BAS,70-79,0.33%
80-89 anni,35786,33499,32072,32332,5,522,640,260,2287,93.6%,91.8%,6.4%,29/10/21,Basilicata,BAS,80-89,0.73%
oltre 90 anni,8202,8171,7698,7722,1,144,304,24,31,99.6%,95.9%,0.4%,29/10/21,Basilicata,BAS,90+,0.29%
0-9 anni,154451,0,0,0,0,0,0,0,154451,0.0%,0.0%,100.0%,29/10/21,Calabria,CAL,0-11,0.00%
10-19 anni,181488,98371,88686,88692,588,1690,7401,6,83117,54.2%,50.1%,45.8%,29/10/21,Calabria,CAL,12-19,0.00%
20-29 anni,208920,160629,140975,141030,5462,3410,10727,55,48291,76.9%,71.8%,23.1%,29/10/21,Calabria,CAL,20-29,0.03%
30-39 anni,232935,170719,147961,148070,7065,3317,12267,109,62216,73.3%,68.0%,26.7%,29/10/21,Calabria,CAL,30-39,0.05%
40-49 anni,261369,205930,176034,176265,14832,3892,10941,231,55439,78.8%,74.6%,21.2%,29/10/21,Calabria,CAL,40-49,0.09%
50-59 anni,284757,236534,206774,207286,15215,4195,9838,512,48223,83.1%,79.6%,16.9%,29/10/21,Calabria,CAL,50-59,0.18%
60-69 anni,243667,214293,199401,200291,6784,2951,4267,890,29374,87.9%,86.2%,12.1%,29/10/21,Calabria,CAL,60-69,0.37%
70-79 anni,177666,160141,153539,154605,2184,1583,1769,1066,17525,90.1%,89.1%,9.9%,29/10/21,Calabria,CAL,70-79,0.60%
80-89 anni,108240,93463,90554,90915,75,684,1789,361,14777,86.3%,84.7%,13.7%,29/10/21,Calabria,CAL,80-89,0.33%
oltre 90 anni,24235,20219,19192,19245,17,134,823,53,4016,83.4%,80.0%,16.6%,29/10/21,Calabria,CAL,90+,0.22%
0-9 anni,411065,0,0,0,0,0,0,0,411065,0.0%,0.0%,100.0%,29/10/21,Sicilia,SIC,0-11,0.00%
10-19 anni,491263,264208,226048,226078,9044,5934,23152,30,227055,53.8%,49.1%,46.2%,29/10/21,Sicilia,SIC,12-19,0.01%
20-29 anni,551159,424271,361008,361227,15850,12142,35052,219,126888,77.0%,70.6%,23.0%,29/10/21,Sicilia,SIC,20-29,0.04%
30-39 anni,581042,441065,376918,377280,15024,11465,37296,362,139977,75.9%,69.5%,24.1%,29/10/21,Sicilia,SIC,30-39,0.06%
40-49 anni,684564,545747,473053,473859,22554,14215,35119,806,138817,79.7%,74.6%,20.3%,29/10/21,Sicilia,SIC,40-49,0.12%
50-59 anni,732410,621542,550136,551798,21685,16867,31192,1662,110868,84.9%,80.6%,15.1%,29/10/21,Sicilia,SIC,50-59,0.23%
60-69 anni,608346,534380,485476,489556,15255,12202,17367,4080,73966,87.8%,85.0%,12.2%,29/10/21,Sicilia,SIC,60-69,0.67%
70-79 anni,460198,411421,384167,389410,4896,7127,9988,5243,48777,89.4%,87.2%,10.6%,29/10/21,Sicilia,SIC,70-79,1.14%
80-89 anni,265138,234102,223318,224649,110,3705,5638,1331,31036,88.3%,86.2%,11.7%,29/10/21,Sicilia,SIC,80-89,0.50%
oltre 90 anni,55691,49182,45837,46043,16,969,2154,206,6509,88.3%,84.4%,11.7%,29/10/21,Sicilia,SIC,90+,0.37%
0-9 anni,105570,0,0,0,0,0,0,0,105570,0.0%,0.0%,100.0%,29/10/21,Sardegna,SAR,0-11,0.00%
10-19 anni,134368,87223,79788,79797,3,1537,5886,9,47145,64.9%,60.5%,35.1%,29/10/21,Sardegna,SAR,12-19,0.01%
20-29 anni,149270,124151,114154,114290,95,3238,6528,136,25119,83.2%,78.8%,16.8%,29/10/21,Sardegna,SAR,20-29,0.09%
30-39 anni,180864,145368,133247,133529,289,3518,8032,282,35496,80.4%,75.9%,19.6%,29/10/21,Sardegna,SAR,30-39,0.16%
40-49 anni,244621,203926,188839,189516,527,5063,8820,677,40695,83.4%,79.8%,16.6%,29/10/21,Sardegna,SAR,40-49,0.28%
50-59 anni,266104,234007,218171,219213,836,5729,8229,1042,32097,87.9%,84.8%,12.1%,29/10/21,Sardegna,SAR,50-59,0.39%
60-69 anni,225334,206962,182727,184121,13924,4376,4541,1394,18372,91.8%,89.8%,8.2%,29/10/21,Sardegna,SAR,60-69,0.62%
70-79 anni,172099,161136,149900,151401,5864,2662,1209,1501,10963,93.6%,92.9%,6.4%,29/10/21,Sardegna,SAR,70-79,0.87%
80-89 anni,97957,92620,88227,89321,161,1376,1762,1094,5337,94.6%,92.8%,5.4%,29/10/21,Sardegna,SAR,80-89,1.12%
oltre 90 anni,22038,20745,19315,19472,49,425,799,157,1293,94.1%,90.5%,5.9%,29/10/21,Sardegna,SAR,90+,0.71%
