Età,Popolazione,Prima,Due dosi,Seconda dose,Dose unica J&J,Dose guariti,Prima dose,Dose aggiuntiva,Popolazione non vaccinata,Almeno una dose,Completa,Non vaccinati,aggiornamento,Regione,area,fascia,Aggiuntiva
0-9 anni,4742049,0,0,0,0,0,0,0,4742049,0.0%,0.0%,100.0%,19/10/21,Italia,ITA,0-11,0.00%
10-19 anni,5673197,3287487,2875680,2876359,39951,100595,270582,679,2385710,57.9%,53.2%,42.1%,19/10/21,Italia,ITA,12-19,0.01%
20-29 anni,6041667,5225852,4475938,4488132,123392,193961,420367,12194,815815,86.5%,79.5%,13.5%,19/10/21,Italia,ITA,20-29,0.20%
30-39 anni,6747378,5565937,4750481,4770377,141788,200591,453181,19896,1181441,82.5%,75.8%,17.5%,19/10/21,Italia,ITA,30-39,0.29%
40-49 anni,8700035,7227395,6274296,6307326,200326,278242,441501,33030,1472640,83.1%,78.0%,16.9%,19/10/21,Italia,ITA,40-49,0.38%
50-59 anni,9466362,8331374,7194160,7250381,376572,341956,362465,56221,1134988,88.0%,84.2%,12.0%,19/10/21,Italia,ITA,50-59,0.59%
60-69 anni,7441208,6759496,5842754,5912597,440217,239722,166960,69843,681712,90.8%,88.6%,9.2%,19/10/21,Italia,ITA,60-69,0.94%
70-79 anni,5965244,5551146,5082660,5141378,151278,166324,92166,58718,414098,93.1%,91.5%,6.9%,19/10/21,Italia,ITA,70-79,0.98%
80-89 anni,3665286,3526059,3037364,3378583,10182,80151,57143,341219,139227,96.2%,94.6%,3.8%,19/10/21,Italia,ITA,80-89,9.31%
oltre 90 anni,815140,815298,692038,765560,3808,19930,26000,73522,-158,100.0%,96.8%,0.0%,19/10/21,Italia,ITA,90+,9.02%
TOTALE,59257566,46290044,40225371,40890693,1487514,1621472,2290365,665322,12967522,78.1%,74.3%,21.9%,19/10/21,TOTALE,ITA,TOTALE,1.12%
0-9 anni,827209,0,0,0,0,0,0,0,827209,0.0%,0.0%,100.0%,19/10/21,Lombardia,LOM,0-11,0.00%
10-19 anni,964465,609014,548887,548956,154,20594,39310,69,355451,63.1%,59.1%,36.9%,19/10/21,Lombardia,LOM,12-19,0.01%
20-29 anni,983209,936332,838139,839410,1704,37781,57437,1271,46877,95.2%,89.4%,4.8%,19/10/21,Lombardia,LOM,20-29,0.13%
30-39 anni,1145186,1021050,917181,919435,3369,40000,58246,2254,124136,89.2%,84.1%,10.8%,19/10/21,Lombardia,LOM,30-39,0.20%
40-49 anni,1504315,1299832,1175517,1179366,10480,54620,55366,3849,204483,86.4%,82.7%,13.6%,19/10/21,Lombardia,LOM,40-49,0.26%
50-59 anni,1609940,1467860,1190204,1196866,167335,63066,40593,6662,142080,91.2%,88.7%,8.8%,19/10/21,Lombardia,LOM,50-59,0.41%
60-69 anni,1201057,1110250,962571,968830,78542,46467,16411,6259,90807,92.4%,91.1%,7.6%,19/10/21,Lombardia,LOM,60-69,0.52%
70-79 anni,988111,928429,848610,853686,29872,33769,11102,5076,59682,94.0%,92.8%,6.0%,19/10/21,Lombardia,LOM,70-79,0.51%
80-89 anni,615067,606705,537966,587581,2121,12352,4651,49615,8362,98.6%,97.9%,1.4%,19/10/21,Lombardia,LOM,80-89,8.07%
oltre 90 anni,128433,134924,119266,129241,282,2158,3243,9975,-6491,105.1%,102.5%,-5.1%,19/10/21,Lombardia,LOM,90+,7.77%
0-9 anni,355686,0,0,0,0,0,0,0,355686,0.0%,0.0%,100.0%,19/10/21,Emilia-Romagna,EMR,0-11,0.00%
10-19 anni,411452,242390,212374,212438,1021,10741,18190,64,169062,58.9%,54.5%,41.1%,19/10/21,Emilia-Romagna,EMR,12-19,0.02%
20-29 anni,420475,386533,329772,330212,8913,16620,30788,440,33942,91.9%,84.6%,8.1%,19/10/21,Emilia-Romagna,EMR,20-29,0.10%
30-39 anni,495231,422346,360616,361535,8394,17281,35136,919,72885,85.3%,78.2%,14.7%,19/10/21,Emilia-Romagna,EMR,30-39,0.19%
40-49 anni,674865,560416,488807,490904,9551,25192,34769,2097,114449,83.0%,77.9%,17.0%,19/10/21,Emilia-Romagna,EMR,40-49,0.31%
50-59 anni,712475,630560,567905,571527,6726,28337,23970,3622,81915,88.5%,85.1%,11.5%,19/10/21,Emilia-Romagna,EMR,50-59,0.51%
60-69 anni,549321,500054,419519,423748,51201,16095,9010,4229,49267,91.0%,89.4%,9.0%,19/10/21,Emilia-Romagna,EMR,60-69,0.77%
70-79 anni,454505,424624,386658,391129,16985,11305,5205,4471,29881,93.4%,92.3%,6.6%,19/10/21,Emilia-Romagna,EMR,70-79,0.98%
80-89 anni,299028,293436,255436,281215,1127,7176,3918,25779,5592,98.1%,96.8%,1.9%,19/10/21,Emilia-Romagna,EMR,80-89,8.62%
oltre 90 anni,72511,76130,64080,71498,621,1895,2116,7418,-3619,105.0%,102.1%,-5.0%,19/10/21,Emilia-Romagna,EMR,90+,10.23%
0-9 anni,385892,0,0,0,0,0,0,0,385892,0.0%,0.0%,100.0%,19/10/21,Veneto,VEN,0-11,0.00%
10-19 anni,466296,257566,226640,226715,121,8251,22479,75,208730,55.2%,50.4%,44.8%,19/10/21,Veneto,VEN,12-19,0.02%
20-29 anni,481339,417732,359657,361168,661,16457,39446,1511,63607,86.8%,78.6%,13.2%,19/10/21,Veneto,VEN,20-29,0.31%
30-39 anni,524439,427226,364797,366969,903,15808,43546,2172,97213,81.5%,73.2%,18.5%,19/10/21,Veneto,VEN,30-39,0.41%
40-49 anni,717331,577473,505370,508983,1918,26586,39986,3613,139858,80.5%,74.9%,19.5%,19/10/21,Veneto,VEN,40-49,0.50%
50-59 anni,806474,692608,612262,618373,4110,37638,32487,6111,113866,85.9%,81.9%,14.1%,19/10/21,Veneto,VEN,50-59,0.76%
60-69 anni,610635,549944,456899,463550,48856,26925,10613,6651,60691,90.1%,88.3%,9.9%,19/10/21,Veneto,VEN,60-69,1.09%
70-79 anni,494721,461599,411379,417170,17803,20207,6419,5791,33122,93.3%,92.0%,6.7%,19/10/21,Veneto,VEN,70-79,1.17%
80-89 anni,298205,296298,261222,280284,1214,10174,4626,19062,1907,99.4%,97.8%,0.6%,19/10/21,Veneto,VEN,80-89,6.39%
oltre 90 anni,67121,69987,60277,64528,298,2993,2168,4251,-2866,104.3%,101.0%,-4.3%,19/10/21,Veneto,VEN,90+,6.33%
0-9 anni,322117,0,0,0,0,0,0,0,322117,0.0%,0.0%,100.0%,19/10/21,Piemonte,PIE,0-11,0.00%
10-19 anni,383188,213359,182615,182743,313,6890,23413,128,169829,55.7%,49.6%,44.3%,19/10/21,Piemonte,PIE,12-19,0.03%
20-29 anni,404501,359315,303501,304521,2555,13558,38681,1020,45186,88.8%,79.3%,11.2%,19/10/21,Piemonte,PIE,20-29,0.25%
30-39 anni,453297,371057,305686,307535,6961,14732,41829,1849,82240,81.9%,72.6%,18.1%,19/10/21,Piemonte,PIE,30-39,0.41%
40-49 anni,612180,493043,417563,421649,4876,21079,45439,4086,119137,80.5%,73.1%,19.5%,19/10/21,Piemonte,PIE,40-49,0.67%
50-59 anni,692135,596353,513725,521963,8390,26401,39599,8238,95782,86.2%,80.4%,13.8%,19/10/21,Piemonte,PIE,50-59,1.19%
60-69 anni,559966,493323,409222,420628,34879,20403,17413,11406,66643,88.1%,85.0%,11.9%,19/10/21,Piemonte,PIE,60-69,2.04%
70-79 anni,473035,434754,385743,398346,10121,16227,10060,12603,38281,91.9%,89.8%,8.1%,19/10/21,Piemonte,PIE,70-79,2.66%
80-89 anni,307031,298204,215164,281913,2364,8024,5903,66749,8827,97.1%,95.2%,2.9%,19/10/21,Piemonte,PIE,80-89,21.74%
oltre 90 anni,65760,68083,46652,61903,1901,2041,2238,15251,-2323,103.5%,100.1%,-3.5%,19/10/21,Piemonte,PIE,90+,23.19%
0-9 anni,87116,0,0,0,0,0,0,0,87116,0.0%,0.0%,100.0%,19/10/21,Friuli VG,FVG,0-11,0.00%
10-19 anni,105798,56709,49207,49210,9,2085,5405,3,49089,53.6%,48.5%,46.4%,19/10/21,Friuli VG,FVG,12-19,0.00%
20-29 anni,109577,99325,84772,84842,198,4764,9521,70,10252,90.6%,82.0%,9.4%,19/10/21,Friuli VG,FVG,20-29,0.06%
30-39 anni,123868,101034,85249,85334,270,4927,10503,85,22834,81.6%,73.1%,18.4%,19/10/21,Friuli VG,FVG,30-39,0.07%
40-49 anni,172496,134687,115536,115747,525,7704,10711,211,37809,78.1%,71.9%,21.9%,19/10/21,Friuli VG,FVG,40-49,0.12%
50-59 anni,197534,163481,142528,142860,561,10135,9925,332,34053,82.8%,77.7%,17.2%,19/10/21,Friuli VG,FVG,50-59,0.17%
60-69 anni,156447,133734,106172,106664,16455,6305,4310,492,22713,85.5%,82.7%,14.5%,19/10/21,Friuli VG,FVG,60-69,0.31%
70-79 anni,140238,123679,109822,110278,5958,5009,2434,456,16559,88.2%,86.5%,11.8%,19/10/21,Friuli VG,FVG,70-79,0.33%
80-89 anni,85322,82116,74370,79505,61,890,1660,5135,3206,96.2%,94.3%,3.8%,19/10/21,Friuli VG,FVG,80-89,6.02%
oltre 90 anni,20357,19833,18363,19037,3,179,614,674,524,97.4%,94.4%,2.6%,19/10/21,Friuli VG,FVG,90+,3.31%
0-9 anni,9667,0,0,0,0,0,0,0,9667,0.0%,0.0%,100.0%,19/10/21,Valle d'Aosta,VDA,0-11,0.00%
10-19 anni,11812,6075,5193,5193,175,164,543,0,5737,51.4%,46.8%,48.6%,19/10/21,Valle d'Aosta,VDA,12-19,0.00%
20-29 anni,11940,9614,8235,8235,140,363,876,0,2326,80.5%,73.2%,19.5%,19/10/21,Valle d'Aosta,VDA,20-29,0.00%
30-39 anni,13010,9879,8411,8412,52,420,995,1,3131,75.9%,68.3%,24.1%,19/10/21,Valle d'Aosta,VDA,30-39,0.01%
40-49 anni,17884,13386,11766,11770,66,622,928,4,4498,74.8%,69.7%,25.2%,19/10/21,Valle d'Aosta,VDA,40-49,0.02%
50-59 anni,20922,17260,15519,15524,44,802,890,5,3662,82.5%,78.2%,17.5%,19/10/21,Valle d'Aosta,VDA,50-59,0.02%
60-69 anni,16123,13728,12232,12242,455,649,382,10,2395,85.1%,82.8%,14.9%,19/10/21,Valle d'Aosta,VDA,60-69,0.06%
70-79 anni,12953,11708,10924,10940,80,565,123,16,1245,90.4%,89.4%,9.6%,19/10/21,Valle d'Aosta,VDA,70-79,0.12%
80-89 anni,7803,7458,6998,7013,2,307,136,15,345,95.6%,93.8%,4.4%,19/10/21,Valle d'Aosta,VDA,80-89,0.19%
oltre 90 anni,1781,1782,1651,1657,0,77,48,6,-1,100.1%,97.4%,-0.1%,19/10/21,Valle d'Aosta,VDA,90+,0.34%
0-9 anni,101299,0,0,0,0,0,0,0,101299,0.0%,0.0%,100.0%,19/10/21,Liguria,LIG,0-11,0.00%
10-19 anni,126067,66050,57704,57706,1982,1288,5074,2,60017,52.4%,48.4%,47.6%,19/10/21,Liguria,LIG,12-19,0.00%
20-29 anni,136820,118247,94740,94812,10893,2529,10013,72,18573,86.4%,79.1%,13.6%,19/10/21,Liguria,LIG,20-29,0.05%
30-39 anni,147115,119813,98536,98731,7372,2565,11145,195,27302,81.4%,73.9%,18.6%,19/10/21,Liguria,LIG,30-39,0.13%
40-49 anni,203007,161173,143137,143423,2604,3763,11383,286,41834,79.4%,73.8%,20.6%,19/10/21,Liguria,LIG,40-49,0.14%
50-59 anni,253220,213668,196179,196723,940,4880,11125,544,39552,84.4%,80.0%,15.6%,19/10/21,Liguria,LIG,50-59,0.21%
60-69 anni,203505,177841,161855,162479,6373,3334,5655,624,25664,87.4%,84.6%,12.6%,19/10/21,Liguria,LIG,60-69,0.31%
70-79 anni,182496,163666,155859,156418,2144,2193,2911,559,18830,89.7%,88.1%,10.3%,19/10/21,Liguria,LIG,70-79,0.31%
80-89 anni,125677,119717,106930,115915,141,1282,2379,8985,5960,95.3%,93.4%,4.7%,19/10/21,Liguria,LIG,80-89,7.15%
oltre 90 anni,30599,30399,26492,28762,163,311,1163,2270,200,99.3%,95.5%,0.7%,19/10/21,Liguria,LIG,90+,7.42%
0-9 anni,47826,0,0,0,0,0,0,0,47826,0.0%,0.0%,100.0%,19/10/21,Trento,PAT,0-11,0.00%
10-19 anni,55756,31053,26606,26609,8,1051,3385,3,24703,55.7%,49.6%,44.3%,19/10/21,Trento,PAT,12-19,0.01%
20-29 anni,58234,54168,44427,44481,29,2669,6989,54,4066,93.0%,81.0%,7.0%,19/10/21,Trento,PAT,20-29,0.09%
30-39 anni,61070,51478,41983,42080,42,2754,6602,97,9592,84.3%,73.5%,15.7%,19/10/21,Trento,PAT,30-39,0.16%
40-49 anni,76322,62603,51573,51726,1100,3791,5986,153,13719,82.0%,74.2%,18.0%,19/10/21,Trento,PAT,40-49,0.20%
50-59 anni,86000,74573,63006,63296,541,6126,4610,290,11427,86.7%,81.4%,13.3%,19/10/21,Trento,PAT,50-59,0.34%
60-69 anni,67987,61447,52988,53331,1801,4371,1944,343,6540,90.4%,87.5%,9.6%,19/10/21,Trento,PAT,60-69,0.50%
70-79 anni,52872,49636,44816,45074,519,3038,1005,258,3236,93.9%,92.0%,6.1%,19/10/21,Trento,PAT,70-79,0.49%
80-89 anni,30673,30431,23357,28239,33,1565,594,4882,242,99.2%,97.3%,0.8%,19/10/21,Trento,PAT,80-89,15.92%
oltre 90 anni,8005,8260,6530,7583,7,407,263,1053,-255,103.2%,99.9%,-3.2%,19/10/21,Trento,PAT,90+,13.15%
0-9 anni,54481,0,0,0,0,0,0,0,54481,0.0%,0.0%,100.0%,19/10/21,Bolzano,PAB,0-11,0.00%
10-19 anni,57132,25536,20119,20133,284,1082,4037,14,31596,44.7%,37.6%,55.3%,19/10/21,Bolzano,PAB,12-19,0.02%
20-29 anni,61426,47497,37589,37681,2234,2412,5170,92,13929,77.3%,68.9%,22.7%,19/10/21,Bolzano,PAB,20-29,0.15%
30-39 anni,62922,48205,37879,38036,2774,2483,4912,157,14717,76.6%,68.8%,23.4%,19/10/21,Bolzano,PAB,30-39,0.25%
40-49 anni,74006,58311,48091,48444,1928,3582,4357,353,15695,78.8%,72.9%,21.2%,19/10/21,Bolzano,PAB,40-49,0.48%
50-59 anni,84510,69591,58559,59257,1286,4863,4185,698,14919,82.3%,77.4%,17.7%,19/10/21,Bolzano,PAB,50-59,0.83%
60-69 anni,58814,51113,43378,44245,2226,3237,1405,867,7701,86.9%,84.5%,13.1%,19/10/21,Bolzano,PAB,60-69,1.47%
70-79 anni,46424,40724,35506,36391,1357,2192,784,885,5700,87.7%,86.0%,12.3%,19/10/21,Bolzano,PAB,70-79,1.91%
80-89 anni,27677,26103,21480,23856,516,1125,606,2376,1574,94.3%,92.1%,5.7%,19/10/21,Bolzano,PAB,80-89,8.58%
oltre 90 anni,6323,5956,4840,5221,97,368,270,381,367,94.2%,89.9%,5.8%,19/10/21,Bolzano,PAB,90+,6.03%
0-9 anni,114169,0,0,0,0,0,0,0,114169,0.0%,0.0%,100.0%,19/10/21,Marche,MAR,0-11,0.00%
10-19 anni,137741,71545,63349,63357,28,2712,5448,8,66196,51.9%,48.0%,48.1%,19/10/21,Marche,MAR,12-19,0.01%
20-29 anni,145997,122096,107225,107318,358,5599,8821,93,23901,83.6%,77.6%,16.4%,19/10/21,Marche,MAR,20-29,0.06%
30-39 anni,163324,128062,111506,111721,493,5524,10324,215,35262,78.4%,72.1%,21.6%,19/10/21,Marche,MAR,30-39,0.13%
40-49 anni,218851,173865,154557,154990,1136,7741,9998,433,44986,79.4%,74.9%,20.6%,19/10/21,Marche,MAR,40-49,0.20%
50-59 anni,236599,200613,180671,181552,1901,9128,8032,881,35986,84.8%,81.4%,15.2%,19/10/21,Marche,MAR,50-59,0.37%
60-69 anni,194699,172693,145464,146941,17366,6122,2264,1477,22006,88.7%,87.5%,11.3%,19/10/21,Marche,MAR,60-69,0.76%
70-79 anni,156000,145709,132992,134393,6640,4121,555,1401,10291,93.4%,93.0%,6.6%,19/10/21,Marche,MAR,70-79,0.90%
80-89 anni,108153,102798,90633,98370,593,2538,1297,7737,5355,95.0%,93.8%,5.0%,19/10/21,Marche,MAR,80-89,7.15%
oltre 90 anni,25873,26014,23162,24346,117,870,681,1184,-141,100.5%,97.9%,-0.5%,19/10/21,Marche,MAR,90+,4.58%
0-9 anni,273053,0,0,0,0,0,0,0,273053,0.0%,0.0%,100.0%,19/10/21,Toscana,TOS,0-11,0.00%
10-19 anni,330958,203930,177380,177484,25,7077,19344,104,127028,61.6%,55.8%,38.4%,19/10/21,Toscana,TOS,12-19,0.03%
20-29 anni,338693,310694,267783,271131,405,11782,27376,3348,27999,91.7%,83.7%,8.3%,19/10/21,Toscana,TOS,20-29,0.99%
30-39 anni,395198,345203,297088,301379,510,12081,31233,4291,49995,87.3%,79.4%,12.7%,19/10/21,Toscana,TOS,30-39,1.09%
40-49 anni,540242,465516,409633,415540,728,16768,32480,5907,74726,86.2%,80.2%,13.8%,19/10/21,Toscana,TOS,40-49,1.09%
50-59 anni,590377,533222,476817,485857,1150,19506,26709,9040,57155,90.3%,85.8%,9.7%,19/10/21,Toscana,TOS,50-59,1.53%
60-69 anni,467270,427842,340672,349493,56714,11077,10558,8821,39428,91.6%,89.3%,8.4%,19/10/21,Toscana,TOS,60-69,1.89%
70-79 anni,406475,380771,339771,346408,19392,9825,5146,6637,25704,93.7%,92.4%,6.3%,19/10/21,Toscana,TOS,70-79,1.63%
80-89 anni,263150,260974,240461,249805,873,7527,2769,9344,2176,99.2%,98.1%,0.8%,19/10/21,Toscana,TOS,80-89,3.55%
oltre 90 anni,62917,66160,55923,62416,46,2025,1673,6493,-3243,105.2%,102.5%,-5.2%,19/10/21,Toscana,TOS,90+,10.32%
0-9 anni,463919,0,0,0,0,0,0,0,463919,0.0%,0.0%,100.0%,19/10/21,Lazio,LAZ,0-11,0.00%
10-19 anni,540535,305439,272927,272976,2824,7967,21672,49,235096,56.5%,52.5%,43.5%,19/10/21,Lazio,LAZ,12-19,0.01%
20-29 anni,558855,495700,404247,404799,41789,15708,33404,552,63155,88.7%,82.7%,11.3%,19/10/21,Lazio,LAZ,20-29,0.10%
30-39 anni,665641,565137,460654,461895,53208,17242,32792,1241,100504,84.9%,80.0%,15.1%,19/10/21,Lazio,LAZ,30-39,0.19%
40-49 anni,879906,751977,609220,611597,79289,24300,36791,2377,127929,85.5%,81.3%,14.5%,19/10/21,Lazio,LAZ,40-49,0.27%
50-59 anni,940470,849269,697404,701438,89013,28193,30625,4034,91201,90.3%,87.0%,9.7%,19/10/21,Lazio,LAZ,50-59,0.43%
60-69 anni,707706,661921,599704,604473,22090,20022,15336,4769,45785,93.5%,91.4%,6.5%,19/10/21,Lazio,LAZ,60-69,0.67%
70-79 anni,551477,523202,492939,497133,5736,12193,8140,4194,28275,94.9%,93.4%,5.1%,19/10/21,Lazio,LAZ,70-79,0.76%
80-89 anni,338530,332664,272273,319925,297,6118,6324,47652,5866,98.3%,96.4%,1.7%,19/10/21,Lazio,LAZ,80-89,14.08%
oltre 90 anni,73757,74293,60526,69835,116,1719,2623,9309,-536,100.7%,97.2%,-0.7%,19/10/21,Lazio,LAZ,90+,12.62%
0-9 anni,64317,0,0,0,0,0,0,0,64317,0.0%,0.0%,100.0%,19/10/21,Umbria,UMB,0-11,0.00%
10-19 anni,78462,44757,38752,38767,15,1090,4885,15,33705,57.0%,50.8%,43.0%,19/10/21,Umbria,UMB,12-19,0.02%
20-29 anni,81178,66998,58457,58575,302,2188,5933,118,14180,82.5%,75.2%,17.5%,19/10/21,Umbria,UMB,20-29,0.15%
30-39 anni,95565,76585,66983,67220,190,2706,6469,237,18980,80.1%,73.4%,19.9%,19/10/21,Umbria,UMB,30-39,0.25%
40-49 anni,124859,104134,92635,93140,103,4029,6862,505,20725,83.4%,77.9%,16.6%,19/10/21,Umbria,UMB,40-49,0.40%
50-59 anni,135406,119180,108462,109501,82,4200,5397,1039,16226,88.0%,84.0%,12.0%,19/10/21,Umbria,UMB,50-59,0.77%
60-69 anni,111650,102529,78854,80302,17684,2359,2184,1448,9121,91.8%,89.9%,8.2%,19/10/21,Umbria,UMB,60-69,1.30%
70-79 anni,94797,90535,82857,84630,2453,1911,1541,1773,4262,95.5%,93.9%,4.5%,19/10/21,Umbria,UMB,70-79,1.87%
80-89 anni,63188,62639,46430,60324,41,1559,715,13894,549,99.1%,98.0%,0.9%,19/10/21,Umbria,UMB,80-89,21.99%
oltre 90 anni,15591,16638,13769,15754,10,422,452,1985,-1047,106.7%,103.8%,-6.7%,19/10/21,Umbria,UMB,90+,12.73%
0-9 anni,97834,0,0,0,0,0,0,0,97834,0.0%,0.0%,100.0%,19/10/21,Abruzzo,ABR,0-11,0.00%
10-19 anni,115344,68306,60121,60129,94,1830,6253,8,47038,59.2%,53.8%,40.8%,19/10/21,Abruzzo,ABR,12-19,0.01%
20-29 anni,128330,110668,97122,97270,1352,3794,8252,148,17662,86.2%,79.8%,13.8%,19/10/21,Abruzzo,ABR,20-29,0.12%
30-39 anni,148176,118281,102110,102369,2262,4003,9647,259,29895,79.8%,73.3%,20.2%,19/10/21,Abruzzo,ABR,30-39,0.17%
40-49 anni,185634,152567,132658,133081,4859,5364,9263,423,33067,82.2%,77.2%,17.8%,19/10/21,Abruzzo,ABR,40-49,0.23%
50-59 anni,204504,178160,155817,156540,7346,6277,7997,723,26344,87.1%,83.2%,12.9%,19/10/21,Abruzzo,ABR,50-59,0.35%
60-69 anni,168878,153447,138386,139224,5685,4878,3660,838,15431,90.9%,88.7%,9.1%,19/10/21,Abruzzo,ABR,60-69,0.50%
70-79 anni,131536,123981,116238,116972,2470,3176,1363,734,7555,94.3%,93.2%,5.7%,19/10/21,Abruzzo,ABR,70-79,0.56%
80-89 anni,84626,79075,68911,76257,189,1836,793,7346,5551,93.4%,92.5%,6.6%,19/10/21,Abruzzo,ABR,80-89,8.68%
oltre 90 anni,20394,19365,16388,18400,53,558,354,2012,1029,95.0%,93.2%,5.0%,19/10/21,Abruzzo,ABR,90+,9.87%
0-9 anni,20523,0,0,0,0,0,0,0,20523,0.0%,0.0%,100.0%,19/10/21,Molise,MOL,0-11,0.00%
10-19 anni,25234,15942,14184,14192,18,336,1396,8,9292,63.2%,57.6%,36.8%,19/10/21,Molise,MOL,12-19,0.03%
20-29 anni,31281,25425,21356,21404,1099,689,2233,48,5856,81.3%,74.1%,18.7%,19/10/21,Molise,MOL,20-29,0.15%
30-39 anni,33973,26866,22298,22358,1099,846,2563,60,7107,79.1%,71.5%,20.9%,19/10/21,Molise,MOL,30-39,0.18%
40-49 anni,41036,35174,31181,31323,614,1124,2113,142,5862,85.7%,80.6%,14.3%,19/10/21,Molise,MOL,40-49,0.35%
50-59 anni,46916,43443,37949,38280,1142,1774,2247,331,3473,92.6%,87.8%,7.4%,19/10/21,Molise,MOL,50-59,0.71%
60-69 anni,40784,38415,34448,35045,1482,1309,579,597,2369,94.2%,92.8%,5.8%,19/10/21,Molise,MOL,60-69,1.46%
70-79 anni,30617,29302,27267,27837,540,773,152,570,1315,95.7%,95.2%,4.3%,19/10/21,Molise,MOL,70-79,1.86%
80-89 anni,20753,19846,9912,18910,27,508,401,8998,907,95.6%,93.7%,4.4%,19/10/21,Molise,MOL,80-89,43.36%
oltre 90 anni,5430,5471,3365,5017,3,244,207,1652,-41,100.8%,96.9%,-0.8%,19/10/21,Molise,MOL,90+,30.42%
0-9 anni,498552,0,0,0,0,0,0,0,498552,0.0%,0.0%,100.0%,19/10/21,Campania,CAM,0-11,0.00%
10-19 anni,616169,346878,287479,287534,20761,10026,28557,55,269291,56.3%,51.7%,43.7%,19/10/21,Campania,CAM,12-19,0.01%
20-29 anni,685126,555575,461200,463054,23787,22787,45947,1854,129551,81.1%,74.4%,18.9%,19/10/21,Campania,CAM,20-29,0.27%
30-39 anni,706752,560031,461101,464511,24381,23036,48103,3410,146721,79.2%,72.4%,20.8%,19/10/21,Campania,CAM,30-39,0.48%
40-49 anni,819391,676700,584062,588525,18046,27875,42254,4463,142691,82.6%,77.4%,17.4%,19/10/21,Campania,CAM,40-49,0.54%
50-59 anni,871123,762256,673366,680117,12355,38132,31652,6751,108867,87.5%,83.9%,12.5%,19/10/21,Campania,CAM,50-59,0.77%
60-69 anni,681008,619657,546313,557497,13868,26740,21552,11184,61351,91.0%,87.8%,9.0%,19/10/21,Campania,CAM,60-69,1.64%
70-79 anni,491191,453366,417605,423113,2534,15983,11736,5508,37825,92.3%,89.9%,7.7%,19/10/21,Campania,CAM,70-79,1.12%
80-89 anni,258456,234849,180865,223833,96,6087,4833,42968,23607,90.9%,89.0%,9.1%,19/10/21,Campania,CAM,80-89,16.62%
oltre 90 anni,51991,45024,36565,42349,6,928,1741,5784,6967,86.6%,83.3%,13.4%,19/10/21,Campania,CAM,90+,11.13%
0-9 anni,307917,0,0,0,0,0,0,0,307917,0.0%,0.0%,100.0%,19/10/21,Puglia,PUG,0-11,0.00%
10-19 anni,389429,248210,221377,221422,908,7931,17949,45,141219,63.7%,59.1%,36.3%,19/10/21,Puglia,PUG,12-19,0.01%
20-29 anni,435687,361884,314152,314917,4721,14641,27605,765,73803,83.1%,76.7%,16.9%,19/10/21,Puglia,PUG,20-29,0.18%
30-39 anni,453251,376393,324456,325617,6547,15207,29022,1161,76858,83.0%,76.6%,17.0%,19/10/21,Puglia,PUG,30-39,0.26%
40-49 anni,570896,495821,426059,428068,21754,19981,26018,2009,75075,86.8%,82.3%,13.2%,19/10/21,Puglia,PUG,40-49,0.35%
50-59 anni,607181,556777,474119,477403,32915,24112,22347,3284,50404,91.7%,88.0%,8.3%,19/10/21,Puglia,PUG,50-59,0.54%
60-69 anni,494337,471350,410614,414418,26491,18741,11700,3804,22987,95.3%,93.0%,4.7%,19/10/21,Puglia,PUG,60-69,0.77%
70-79 anni,395276,384573,348364,351697,13596,11677,7603,3333,10703,97.3%,95.4%,2.7%,19/10/21,Puglia,PUG,70-79,0.84%
80-89 anni,224826,220102,202874,210303,136,4854,4809,7429,4724,97.9%,95.8%,2.1%,19/10/21,Puglia,PUG,80-89,3.30%
oltre 90 anni,48131,48935,44565,45968,5,1064,1898,1403,-804,101.7%,97.7%,-1.7%,19/10/21,Puglia,PUG,90+,2.91%
0-9 anni,39386,0,0,0,0,0,0,0,39386,0.0%,0.0%,100.0%,19/10/21,Basilicata,BAS,0-11,0.00%
10-19 anni,50240,31516,26848,26852,1577,771,2316,4,18724,62.7%,58.1%,37.3%,19/10/21,Basilicata,BAS,12-19,0.01%
20-29 anni,59650,47177,41608,41632,862,1476,3207,24,12473,79.1%,73.7%,20.9%,19/10/21,Basilicata,BAS,20-29,0.04%
30-39 anni,64519,49364,43767,43818,598,1384,3564,51,15155,76.5%,71.0%,23.5%,19/10/21,Basilicata,BAS,30-39,0.08%
40-49 anni,76260,63501,55702,55790,2846,1775,3090,88,12759,83.3%,79.2%,16.7%,19/10/21,Basilicata,BAS,40-49,0.12%
50-59 anni,87305,77860,69280,69409,3018,2309,3124,129,9445,89.2%,85.6%,10.8%,19/10/21,Basilicata,BAS,50-59,0.15%
60-69 anni,73674,68993,63000,63287,2095,1574,2037,287,4681,93.6%,90.9%,6.4%,19/10/21,Basilicata,BAS,60-69,0.39%
70-79 anni,52557,50329,48116,48277,134,978,940,161,2228,95.8%,94.0%,4.2%,19/10/21,Basilicata,BAS,70-79,0.31%
80-89 anni,35786,33456,30673,32247,5,518,686,1574,2330,93.5%,91.6%,6.5%,19/10/21,Basilicata,BAS,80-89,4.40%
oltre 90 anni,8202,8164,7477,7705,0,144,315,228,38,99.5%,95.7%,0.5%,19/10/21,Basilicata,BAS,90+,2.78%
0-9 anni,154451,0,0,0,0,0,0,0,154451,0.0%,0.0%,100.0%,19/10/21,Calabria,CAL,0-11,0.00%
10-19 anni,181488,96781,85938,85940,588,1562,8691,2,84707,53.3%,48.5%,46.7%,19/10/21,Calabria,CAL,12-19,0.00%
20-29 anni,208920,158355,137337,137440,5454,3238,12223,103,50565,75.8%,69.9%,24.2%,19/10/21,Calabria,CAL,20-29,0.05%
30-39 anni,232935,168103,143397,143574,7053,3092,14384,177,64832,72.2%,66.0%,27.8%,19/10/21,Calabria,CAL,30-39,0.08%
40-49 anni,261369,203610,172148,172440,14823,3668,12679,292,57759,77.9%,73.1%,22.1%,19/10/21,Calabria,CAL,40-49,0.11%
50-59 anni,284757,234461,203472,204019,15203,4011,11228,547,50296,82.3%,78.4%,17.7%,19/10/21,Calabria,CAL,50-59,0.19%
60-69 anni,243667,213164,197620,198473,6779,2841,5071,853,30503,87.5%,85.4%,12.5%,19/10/21,Calabria,CAL,60-69,0.35%
70-79 anni,177666,159600,153083,153778,2184,1541,2097,695,18066,89.8%,88.7%,10.2%,19/10/21,Calabria,CAL,70-79,0.39%
80-89 anni,108240,93233,88538,90537,75,672,1949,1999,15007,86.1%,84.3%,13.9%,19/10/21,Calabria,CAL,80-89,1.85%
oltre 90 anni,24235,20182,18781,19183,17,134,848,402,4053,83.3%,79.8%,16.7%,19/10/21,Calabria,CAL,90+,1.66%
0-9 anni,411065,0,0,0,0,0,0,0,411065,0.0%,0.0%,100.0%,19/10/21,Sicilia,SIC,0-11,0.00%
10-19 anni,491263,260126,219919,219938,9043,5654,25491,19,231137,53.0%,47.8%,47.0%,19/10/21,Sicilia,SIC,12-19,0.00%
20-29 anni,551159,419238,352683,353151,15841,11728,38518,468,131921,76.1%,69.1%,23.9%,19/10/21,Sicilia,SIC,20-29,0.08%
30-39 anni,581042,435525,366767,367494,15022,11050,41959,727,145517,75.0%,67.7%,25.0%,19/10/21,Sicilia,SIC,30-39,0.13%
40-49 anni,684564,540817,463570,464668,22553,13723,39873,1098,143747,79.0%,73.2%,21.0%,19/10/21,Sicilia,SIC,40-49,0.16%
50-59 anni,732410,617155,541773,543635,21678,16420,35422,1862,115255,84.3%,79.4%,15.7%,19/10/21,Sicilia,SIC,50-59,0.25%
60-69 anni,608346,531665,481674,485084,15253,11964,19364,3410,76681,87.4%,84.2%,12.6%,19/10/21,Sicilia,SIC,60-69,0.56%
70-79 anni,460198,410121,384633,387125,4896,7011,11089,2492,50077,89.1%,86.7%,10.9%,19/10/21,Sicilia,SIC,70-79,0.54%
80-89 anni,265138,233487,216264,223645,110,3679,6053,7381,31651,88.1%,85.8%,11.9%,19/10/21,Sicilia,SIC,80-89,2.78%
oltre 90 anni,55691,48997,44635,45835,16,968,2178,1200,6694,88.0%,84.1%,12.0%,19/10/21,Sicilia,SIC,90+,2.15%
0-9 anni,105570,0,0,0,0,0,0,0,105570,0.0%,0.0%,100.0%,19/10/21,Sardegna,SAR,0-11,0.00%
10-19 anni,134368,86305,78061,78065,3,1493,6744,4,48063,64.2%,59.2%,35.8%,19/10/21,Sardegna,SAR,12-19,0.00%
20-29 anni,149270,123279,111936,112079,95,3178,7927,143,25991,82.6%,77.3%,17.4%,19/10/21,Sardegna,SAR,20-29,0.10%
30-39 anni,180864,144299,130016,130354,288,3450,10207,338,36565,79.8%,74.1%,20.2%,19/10/21,Sardegna,SAR,30-39,0.19%
40-49 anni,244621,202789,185511,186152,527,4955,11155,641,41832,82.9%,78.3%,17.1%,19/10/21,Sardegna,SAR,40-49,0.26%
50-59 anni,266104,233024,215143,216241,836,5646,10301,1098,33080,87.6%,83.7%,12.4%,19/10/21,Sardegna,SAR,50-59,0.41%
60-69 anni,225334,206386,181169,182643,13922,4309,5512,1474,18948,91.6%,89.1%,8.4%,19/10/21,Sardegna,SAR,60-69,0.65%
70-79 anni,172099,160838,149478,150583,5864,2630,1761,1105,11261,93.5%,92.4%,6.5%,19/10/21,Sardegna,SAR,70-79,0.64%
80-89 anni,97957,92468,86607,88906,161,1360,2041,2299,5489,94.4%,92.3%,5.6%,19/10/21,Sardegna,SAR,80-89,2.35%
oltre 90 anni,22038,20701,18731,19322,47,425,907,591,1337,93.9%,89.8%,6.1%,19/10/21,Sardegna,SAR,90+,2.68%
