Età,Popolazione,Prima,Due dosi,Seconda dose,Dose unica J&J,Dose guariti,Prima dose,Dose aggiuntiva/booster,Popolazione non vaccinata,Almeno una dose,Completa,Non vaccinati,aggiornamento,Regione,area,fascia,Aggiuntiva/booster
0-9 anni,4742049,0,0,0,0,0,0,0,4742049,0.0%,0.0%,100.0%,25/10/21,Italia,ITA,0-11,0.00%
10-19 anni,5673197,3319108,2927735,2928618,39979,103320,247191,883,2354089,58.5%,54.1%,41.5%,25/10/21,Italia,ITA,12-19,0.02%
20-29 anni,6041667,5264258,4541233,4565854,123899,197425,377080,24621,777409,87.1%,80.9%,12.9%,25/10/21,Italia,ITA,20-29,0.41%
30-39 anni,6747378,5609475,4824464,4863000,142349,204251,399875,38536,1137903,83.1%,77.2%,16.9%,25/10/21,Italia,ITA,30-39,0.57%
40-49 anni,8700035,7266227,6335853,6394166,200733,282906,388422,58313,1433808,83.5%,79.1%,16.5%,25/10/21,Italia,ITA,40-49,0.67%
50-59 anni,9466362,8363161,7222965,7318470,376905,345870,321916,95505,1103201,88.3%,84.9%,11.7%,25/10/21,Italia,ITA,50-59,1.01%
60-69 anni,7441208,6774799,5811778,5939790,440689,241038,153282,128012,666409,91.0%,89.0%,9.0%,25/10/21,Italia,ITA,60-69,1.72%
70-79 anni,5965244,5557723,5048259,5153941,151411,166259,86112,105682,407521,93.2%,91.7%,6.8%,25/10/21,Italia,ITA,70-79,1.77%
80-89 anni,3665286,3529150,2848354,3385662,10205,78981,54302,537308,136136,96.3%,94.8%,3.7%,25/10/21,Italia,ITA,80-89,14.66%
oltre 90 anni,815140,816136,649325,767652,3823,19447,25214,118327,-996,100.1%,97.0%,-0.1%,25/10/21,Italia,ITA,90+,14.52%
TOTALE,59257566,46500037,40209966,41317153,1489993,1639497,2053394,1107187,12757529,78.5%,75.0%,21.5%,25/10/21,TOTALE,ITA,TOTALE,1.87%
0-9 anni,827209,0,0,0,0,0,0,0,827209,0.0%,0.0%,100.0%,25/10/21,Lombardia,LOM,0-11,0.00%
10-19 anni,964465,613951,556885,556959,154,21033,35805,74,350514,63.7%,59.9%,36.3%,25/10/21,Lombardia,LOM,12-19,0.01%
20-29 anni,983209,941470,851322,851771,1705,38332,49662,449,41739,95.8%,90.7%,4.2%,25/10/21,Lombardia,LOM,20-29,0.05%
30-39 anni,1145186,1027031,932685,933603,3374,40639,49415,918,118155,89.7%,85.4%,10.3%,25/10/21,Lombardia,LOM,30-39,0.08%
40-49 anni,1504315,1305081,1190474,1192784,10480,55509,46308,2310,199234,86.8%,83.7%,13.2%,25/10/21,Lombardia,LOM,40-49,0.15%
50-59 anni,1609940,1472023,1202211,1207048,167336,63769,33870,4837,137917,91.4%,89.3%,8.6%,25/10/21,Lombardia,LOM,50-59,0.30%
60-69 anni,1201057,1112126,966515,971948,78590,46686,14902,5433,88931,92.6%,91.4%,7.4%,25/10/21,Lombardia,LOM,60-69,0.45%
70-79 anni,988111,929367,849618,854946,29887,33881,10653,5328,58744,94.1%,93.0%,5.9%,25/10/21,Lombardia,LOM,70-79,0.54%
80-89 anni,615067,607139,582574,588348,2124,12367,4300,5774,7928,98.7%,98.0%,1.3%,25/10/21,Lombardia,LOM,80-89,0.94%
oltre 90 anni,128433,135023,128566,129443,286,2158,3136,877,-6590,105.1%,102.7%,-5.1%,25/10/21,Lombardia,LOM,90+,0.68%
0-9 anni,355686,0,0,0,0,0,0,0,355686,0.0%,0.0%,100.0%,25/10/21,Emilia-Romagna,EMR,0-11,0.00%
10-19 anni,411452,244533,215303,215377,1022,10965,17169,74,166919,59.4%,55.3%,40.6%,25/10/21,Emilia-Romagna,EMR,12-19,0.02%
20-29 anni,420475,389247,336097,336420,8931,16879,27017,323,31228,92.6%,86.1%,7.4%,25/10/21,Emilia-Romagna,EMR,20-29,0.08%
30-39 anni,495231,425248,368205,368887,8411,17524,30426,682,69983,85.9%,79.7%,14.1%,25/10/21,Emilia-Romagna,EMR,30-39,0.14%
40-49 anni,674865,563233,496182,497899,9571,25526,30237,1717,111632,83.5%,79.0%,16.5%,25/10/21,Emilia-Romagna,EMR,40-49,0.25%
50-59 anni,712475,632710,572905,576272,6749,28622,21067,3367,79765,88.8%,85.8%,11.2%,25/10/21,Emilia-Romagna,EMR,50-59,0.47%
60-69 anni,549321,500993,420827,425132,51298,16175,8388,4305,48328,91.2%,89.7%,8.8%,25/10/21,Emilia-Romagna,EMR,60-69,0.78%
70-79 anni,454505,424941,386997,391693,17011,11280,4957,4696,29564,93.5%,92.4%,6.5%,25/10/21,Emilia-Romagna,EMR,70-79,1.03%
80-89 anni,299028,293592,275787,281607,1127,6987,3871,5820,5436,98.2%,96.9%,1.8%,25/10/21,Emilia-Romagna,EMR,80-89,1.95%
oltre 90 anni,72511,76178,70485,71632,622,1851,2073,1147,-3667,105.1%,102.2%,-5.1%,25/10/21,Emilia-Romagna,EMR,90+,1.58%
0-9 anni,385892,0,0,0,0,0,0,0,385892,0.0%,0.0%,100.0%,25/10/21,Veneto,VEN,0-11,0.00%
10-19 anni,466296,259959,230086,230159,121,8441,21238,73,206337,55.7%,51.2%,44.3%,25/10/21,Veneto,VEN,12-19,0.02%
20-29 anni,481339,420341,367278,367596,662,16640,35443,318,60998,87.3%,80.0%,12.7%,25/10/21,Veneto,VEN,20-29,0.07%
30-39 anni,524439,430220,374343,374895,903,15945,38477,552,94219,82.0%,74.7%,18.0%,25/10/21,Veneto,VEN,30-39,0.11%
40-49 anni,717331,580211,515066,516594,1919,26853,34845,1528,137120,80.9%,76.0%,19.1%,25/10/21,Veneto,VEN,40-49,0.21%
50-59 anni,806474,694893,621220,624162,4117,37882,28732,2942,111581,86.2%,82.6%,13.8%,25/10/21,Veneto,VEN,50-59,0.36%
60-69 anni,610635,550855,460923,465021,48912,26925,9997,4098,59780,90.2%,88.6%,9.8%,25/10/21,Veneto,VEN,60-69,0.67%
70-79 anni,494721,461910,413276,417897,17821,20011,6181,4621,32811,93.4%,92.1%,6.6%,25/10/21,Veneto,VEN,70-79,0.93%
80-89 anni,298205,296409,276809,280843,1214,9870,4482,4034,1796,99.4%,97.9%,0.6%,25/10/21,Veneto,VEN,80-89,1.35%
oltre 90 anni,67121,70021,64262,64708,299,2876,2138,446,-2900,104.3%,101.1%,-4.3%,25/10/21,Veneto,VEN,90+,0.66%
0-9 anni,322117,0,0,0,0,0,0,0,322117,0.0%,0.0%,100.0%,25/10/21,Piemonte,PIE,0-11,0.00%
10-19 anni,383188,216316,187314,187450,315,7160,21391,136,166872,56.5%,50.9%,43.5%,25/10/21,Piemonte,PIE,12-19,0.04%
20-29 anni,404501,362912,311226,311917,2593,13822,34580,691,41589,89.7%,81.2%,10.3%,25/10/21,Piemonte,PIE,20-29,0.17%
30-39 anni,453297,374961,314596,315833,6985,15029,37114,1237,78336,82.7%,74.5%,17.3%,25/10/21,Piemonte,PIE,30-39,0.27%
40-49 anni,612180,496816,426741,430004,4908,21440,40464,3263,115364,81.2%,74.5%,18.8%,25/10/21,Piemonte,PIE,40-49,0.53%
50-59 anni,692135,599515,521623,528720,8416,26686,35693,7097,92620,86.6%,81.5%,13.4%,25/10/21,Piemonte,PIE,50-59,1.03%
60-69 anni,559966,494831,412605,422951,34940,20478,16462,10346,65135,88.4%,85.4%,11.6%,25/10/21,Piemonte,PIE,60-69,1.85%
70-79 anni,473035,435459,386879,399474,10141,16122,9722,12595,37576,92.1%,90.0%,7.9%,25/10/21,Piemonte,PIE,70-79,2.66%
80-89 anni,307031,298550,282075,282702,2366,7766,5716,627,8481,97.2%,95.4%,2.8%,25/10/21,Piemonte,PIE,80-89,0.20%
oltre 90 anni,65760,68190,62138,62223,1903,1897,2167,85,-2430,103.7%,100.4%,-3.7%,25/10/21,Piemonte,PIE,90+,0.13%
0-9 anni,87116,0,0,0,0,0,0,0,87116,0.0%,0.0%,100.0%,25/10/21,Friuli VG,FVG,0-11,0.00%
10-19 anni,105798,57540,50706,50709,11,2112,4708,3,48258,54.4%,49.9%,45.6%,25/10/21,Friuli VG,FVG,12-19,0.00%
20-29 anni,109577,100649,87659,87698,241,4803,7907,39,8928,91.9%,84.6%,8.1%,25/10/21,Friuli VG,FVG,20-29,0.04%
30-39 anni,123868,102463,88378,88454,296,4964,8749,76,21405,82.7%,75.7%,17.3%,25/10/21,Friuli VG,FVG,30-39,0.06%
40-49 anni,172496,135981,118787,118977,539,7762,8703,190,36515,78.8%,73.8%,21.2%,25/10/21,Friuli VG,FVG,40-49,0.11%
50-59 anni,197534,164695,145284,145613,574,10180,8328,329,32839,83.4%,79.2%,16.6%,25/10/21,Friuli VG,FVG,50-59,0.17%
60-69 anni,156447,134184,107133,107654,16462,6325,3743,521,22263,85.8%,83.4%,14.2%,25/10/21,Friuli VG,FVG,60-69,0.33%
70-79 anni,140238,123843,110059,110637,5959,5008,2239,578,16395,88.3%,86.7%,11.7%,25/10/21,Friuli VG,FVG,70-79,0.41%
80-89 anni,85322,82192,79106,79725,61,870,1536,619,3130,96.3%,94.5%,3.7%,25/10/21,Friuli VG,FVG,80-89,0.73%
oltre 90 anni,20357,19860,19012,19084,3,177,596,72,497,97.6%,94.6%,2.4%,25/10/21,Friuli VG,FVG,90+,0.35%
0-9 anni,9667,0,0,0,0,0,0,0,9667,0.0%,0.0%,100.0%,25/10/21,Valle d'Aosta,VDA,0-11,0.00%
10-19 anni,11812,6151,5360,5360,175,168,448,0,5661,52.1%,48.3%,47.9%,25/10/21,Valle d'Aosta,VDA,12-19,0.00%
20-29 anni,11940,9727,8419,8420,140,376,791,1,2213,81.5%,74.8%,18.5%,25/10/21,Valle d'Aosta,VDA,20-29,0.01%
30-39 anni,13010,10004,8619,8620,52,436,896,1,3006,76.9%,70.0%,23.1%,25/10/21,Valle d'Aosta,VDA,30-39,0.01%
40-49 anni,17884,13521,11972,11982,66,640,833,10,4363,75.6%,70.9%,24.4%,25/10/21,Valle d'Aosta,VDA,40-49,0.06%
50-59 anni,20922,17368,15693,15702,44,830,792,9,3554,83.0%,79.2%,17.0%,25/10/21,Valle d'Aosta,VDA,50-59,0.04%
60-69 anni,16123,13779,12298,12311,455,662,351,13,2344,85.5%,83.3%,14.5%,25/10/21,Valle d'Aosta,VDA,60-69,0.08%
70-79 anni,12953,11728,10932,10960,80,568,120,28,1225,90.5%,89.6%,9.5%,25/10/21,Valle d'Aosta,VDA,70-79,0.22%
80-89 anni,7803,7465,6972,7025,2,308,130,53,338,95.7%,94.0%,4.3%,25/10/21,Valle d'Aosta,VDA,80-89,0.68%
oltre 90 anni,1781,1782,1644,1657,0,77,48,13,-1,100.1%,97.4%,-0.1%,25/10/21,Valle d'Aosta,VDA,90+,0.73%
0-9 anni,101299,0,0,0,0,0,0,0,101299,0.0%,0.0%,100.0%,25/10/21,Liguria,LIG,0-11,0.00%
10-19 anni,126067,66949,59167,59169,1982,1338,4460,2,59118,53.1%,49.6%,46.9%,25/10/21,Liguria,LIG,12-19,0.00%
20-29 anni,136820,119325,97235,97263,10905,2623,8534,28,17495,87.2%,81.0%,12.8%,25/10/21,Liguria,LIG,20-29,0.02%
30-39 anni,147115,120931,101352,101429,7375,2625,9502,77,26184,82.2%,75.7%,17.8%,25/10/21,Liguria,LIG,30-39,0.05%
40-49 anni,203007,162271,145858,146006,2611,3875,9779,148,40736,79.9%,75.1%,20.1%,25/10/21,Liguria,LIG,40-49,0.07%
50-59 anni,253220,214689,198760,199057,943,5009,9680,297,38531,84.8%,81.0%,15.2%,25/10/21,Liguria,LIG,50-59,0.12%
60-69 anni,203505,178401,162995,163444,6374,3374,5209,449,25104,87.7%,85.1%,12.3%,25/10/21,Liguria,LIG,60-69,0.22%
70-79 anni,182496,163874,156220,156769,2144,2218,2743,549,18622,89.8%,88.3%,10.2%,25/10/21,Liguria,LIG,70-79,0.30%
80-89 anni,125677,119841,114607,116105,141,1266,2329,1498,5836,95.4%,93.5%,4.6%,25/10/21,Liguria,LIG,80-89,1.19%
oltre 90 anni,30599,30439,28395,28810,163,311,1155,415,160,99.5%,95.7%,0.5%,25/10/21,Liguria,LIG,90+,1.36%
0-9 anni,47826,0,0,0,0,0,0,0,47826,0.0%,0.0%,100.0%,25/10/21,Trento,PAT,0-11,0.00%
10-19 anni,55756,31397,27087,27090,8,1079,3220,3,24359,56.3%,50.5%,43.7%,25/10/21,Trento,PAT,12-19,0.01%
20-29 anni,58234,54561,45357,45398,29,2690,6444,41,3673,93.7%,82.6%,6.3%,25/10/21,Trento,PAT,20-29,0.07%
30-39 anni,61070,51976,43058,43118,42,2776,6040,60,9094,85.1%,75.2%,14.9%,25/10/21,Trento,PAT,30-39,0.10%
40-49 anni,76322,63011,52571,52701,1100,3821,5389,130,13311,82.6%,75.5%,17.4%,25/10/21,Trento,PAT,40-49,0.17%
50-59 anni,86000,74865,63777,63999,542,6155,4169,222,11135,87.1%,82.2%,12.9%,25/10/21,Trento,PAT,50-59,0.26%
60-69 anni,67987,61594,53255,53569,1818,4371,1836,314,6393,90.6%,87.9%,9.4%,25/10/21,Trento,PAT,60-69,0.46%
70-79 anni,52872,49698,44922,45183,523,3021,971,261,3174,94.0%,92.2%,6.0%,25/10/21,Trento,PAT,70-79,0.49%
80-89 anni,30673,30461,28142,28353,34,1492,582,211,212,99.3%,97.4%,0.7%,25/10/21,Trento,PAT,80-89,0.69%
oltre 90 anni,8005,8267,7605,7631,7,382,247,26,-262,103.3%,100.2%,-3.3%,25/10/21,Trento,PAT,90+,0.32%
0-9 anni,54481,0,0,0,0,0,0,0,54481,0.0%,0.0%,100.0%,25/10/21,Bolzano,PAB,0-11,0.00%
10-19 anni,57132,25962,20797,20808,285,1081,3788,11,31170,45.4%,38.8%,54.6%,25/10/21,Bolzano,PAB,12-19,0.02%
20-29 anni,61426,47880,38621,38680,2247,2424,4529,59,13546,77.9%,70.6%,22.1%,25/10/21,Bolzano,PAB,20-29,0.10%
30-39 anni,62922,48545,38938,39053,2790,2488,4214,115,14377,77.2%,70.5%,22.8%,25/10/21,Bolzano,PAB,30-39,0.18%
40-49 anni,74006,58632,48937,49213,1944,3583,3892,276,15374,79.2%,74.0%,20.8%,25/10/21,Bolzano,PAB,40-49,0.37%
50-59 anni,84510,69851,59335,59973,1300,4863,3715,638,14659,82.7%,78.3%,17.3%,25/10/21,Bolzano,PAB,50-59,0.75%
60-69 anni,58814,51221,43568,44427,2251,3218,1325,859,7593,87.1%,84.8%,12.9%,25/10/21,Bolzano,PAB,60-69,1.46%
70-79 anni,46424,40766,35520,36491,1363,2169,743,971,5658,87.8%,86.2%,12.2%,25/10/21,Bolzano,PAB,70-79,2.09%
80-89 anni,27677,26147,23027,23929,526,1095,597,902,1530,94.5%,92.3%,5.5%,25/10/21,Bolzano,PAB,80-89,3.26%
oltre 90 anni,6323,5965,5121,5242,100,353,270,121,358,94.3%,90.1%,5.7%,25/10/21,Bolzano,PAB,90+,1.91%
0-9 anni,114169,0,0,0,0,0,0,0,114169,0.0%,0.0%,100.0%,25/10/21,Marche,MAR,0-11,0.00%
10-19 anni,137741,72274,64572,64580,28,2786,4880,8,65467,52.5%,48.9%,47.5%,25/10/21,Marche,MAR,12-19,0.01%
20-29 anni,145997,122914,109262,109356,358,5685,7515,94,23083,84.2%,79.0%,15.8%,25/10/21,Marche,MAR,20-29,0.06%
30-39 anni,163324,129096,114080,114287,493,5649,8667,207,34228,79.0%,73.7%,21.0%,25/10/21,Marche,MAR,30-39,0.13%
40-49 anni,218851,174850,157064,157522,1136,7903,8289,458,44001,79.9%,76.1%,20.1%,25/10/21,Marche,MAR,40-49,0.21%
50-59 anni,236599,201409,182624,183517,1904,9263,6725,893,35190,85.1%,82.3%,14.9%,25/10/21,Marche,MAR,50-59,0.38%
60-69 anni,194699,173054,146164,147575,17382,6172,1925,1411,21645,88.9%,87.9%,11.1%,25/10/21,Marche,MAR,60-69,0.72%
70-79 anni,156000,145868,133166,134635,6642,4143,448,1469,10132,93.5%,93.2%,6.5%,25/10/21,Marche,MAR,70-79,0.94%
80-89 anni,108153,102865,98111,98504,593,2544,1224,393,5288,95.1%,94.0%,4.9%,25/10/21,Marche,MAR,80-89,0.36%
oltre 90 anni,25873,26042,24342,24401,119,871,651,59,-169,100.7%,98.1%,-0.7%,25/10/21,Marche,MAR,90+,0.23%
0-9 anni,273053,0,0,0,0,0,0,0,273053,0.0%,0.0%,100.0%,25/10/21,Toscana,TOS,0-11,0.00%
10-19 anni,330958,205840,182818,182893,28,7319,15600,75,125118,62.2%,57.5%,37.8%,25/10/21,Toscana,TOS,12-19,0.02%
20-29 anni,338693,313002,276929,277295,413,12026,23268,366,25691,92.4%,85.5%,7.6%,25/10/21,Toscana,TOS,20-29,0.11%
30-39 anni,395198,347913,308762,309410,515,12384,25604,648,47285,88.0%,81.6%,12.0%,25/10/21,Toscana,TOS,30-39,0.16%
40-49 anni,540242,468063,421895,423479,743,17171,26670,1584,72179,86.6%,81.7%,13.4%,25/10/21,Toscana,TOS,40-49,0.29%
50-59 anni,590377,535295,489051,492228,1173,19847,22047,3177,55082,90.7%,86.9%,9.3%,25/10/21,Toscana,TOS,50-59,0.54%
60-69 anni,467270,428825,347309,351839,56754,11255,8977,4530,38445,91.8%,89.9%,8.2%,25/10/21,Toscana,TOS,60-69,0.97%
70-79 anni,406475,381209,342180,347640,19409,9878,4282,5460,25266,93.8%,92.7%,6.2%,25/10/21,Toscana,TOS,70-79,1.34%
80-89 anni,263150,261199,248599,250528,877,7534,2260,1929,1951,99.3%,98.4%,0.7%,25/10/21,Toscana,TOS,80-89,0.73%
oltre 90 anni,62917,66220,62454,62711,46,2028,1435,257,-3303,105.2%,103.0%,-5.2%,25/10/21,Toscana,TOS,90+,0.41%
0-9 anni,463919,0,0,0,0,0,0,0,463919,0.0%,0.0%,100.0%,25/10/21,Lazio,LAZ,0-11,0.00%
10-19 anni,540535,308139,276980,277041,2836,8219,20043,61,232396,57.0%,53.3%,43.0%,25/10/21,Lazio,LAZ,12-19,0.01%
20-29 anni,558855,498842,410549,410835,42088,15998,29921,286,60013,89.3%,83.9%,10.7%,25/10/21,Lazio,LAZ,20-29,0.05%
30-39 anni,665641,569083,469042,469618,53570,17554,28341,576,96558,85.5%,81.2%,14.5%,25/10/21,Lazio,LAZ,30-39,0.09%
40-49 anni,879906,755314,617005,618484,79534,24672,32624,1479,124592,85.8%,82.1%,14.2%,25/10/21,Lazio,LAZ,40-49,0.17%
50-59 anni,940470,851773,703423,706435,89183,28537,27618,3012,88697,90.6%,87.6%,9.4%,25/10/21,Lazio,LAZ,50-59,0.32%
60-69 anni,707706,663068,603016,606682,22152,20016,14218,3666,44638,93.7%,91.7%,6.3%,25/10/21,Lazio,LAZ,60-69,0.52%
70-79 anni,551477,523681,494366,497953,5753,12083,7892,3587,27796,95.0%,93.5%,5.0%,25/10/21,Lazio,LAZ,70-79,0.65%
80-89 anni,338530,332906,318868,320512,297,5905,6192,1644,5624,98.3%,96.5%,1.7%,25/10/21,Lazio,LAZ,80-89,0.49%
oltre 90 anni,73757,74361,69814,70020,116,1650,2575,206,-604,100.8%,97.3%,-0.8%,25/10/21,Lazio,LAZ,90+,0.28%
0-9 anni,64317,0,0,0,0,0,0,0,64317,0.0%,0.0%,100.0%,25/10/21,Umbria,UMB,0-11,0.00%
10-19 anni,78462,45114,39562,39579,15,1119,4401,17,33348,57.5%,51.9%,42.5%,25/10/21,Umbria,UMB,12-19,0.02%
20-29 anni,81178,67346,59581,59678,304,2230,5134,97,13832,83.0%,76.6%,17.0%,25/10/21,Umbria,UMB,20-29,0.12%
30-39 anni,95565,76993,68297,68506,197,2732,5558,209,18572,80.6%,74.8%,19.4%,25/10/21,Umbria,UMB,30-39,0.22%
40-49 anni,124859,104482,93888,94357,108,4065,5952,469,20377,83.7%,78.9%,16.3%,25/10/21,Umbria,UMB,40-49,0.38%
50-59 anni,135406,119488,109460,110489,84,4219,4696,1029,15918,88.2%,84.8%,11.8%,25/10/21,Umbria,UMB,50-59,0.76%
60-69 anni,111650,102703,79177,80676,17695,2354,1978,1499,8947,92.0%,90.2%,8.0%,25/10/21,Umbria,UMB,60-69,1.34%
70-79 anni,94797,90591,82878,84761,2457,1915,1458,1883,4206,95.6%,94.0%,4.4%,25/10/21,Umbria,UMB,70-79,1.99%
80-89 anni,63188,62661,56344,60390,41,1518,712,4046,527,99.2%,98.0%,0.8%,25/10/21,Umbria,UMB,80-89,6.40%
oltre 90 anni,15591,16651,14876,15769,10,415,457,893,-1060,106.8%,103.9%,-6.8%,25/10/21,Umbria,UMB,90+,5.73%
0-9 anni,97834,0,0,0,0,0,0,0,97834,0.0%,0.0%,100.0%,25/10/21,Abruzzo,ABR,0-11,0.00%
10-19 anni,115344,68928,61188,61197,94,1882,5755,9,46416,59.8%,54.8%,40.2%,25/10/21,Abruzzo,ABR,12-19,0.01%
20-29 anni,128330,111329,98542,98581,1353,3853,7542,39,17001,86.8%,80.9%,13.2%,25/10/21,Abruzzo,ABR,20-29,0.03%
30-39 anni,148176,119062,103918,104027,2262,4072,8701,109,29114,80.4%,74.5%,19.6%,25/10/21,Abruzzo,ABR,30-39,0.07%
40-49 anni,185634,153300,134556,134765,4863,5432,8240,209,32334,82.6%,78.1%,17.4%,25/10/21,Abruzzo,ABR,40-49,0.11%
50-59 anni,204504,178757,157355,157801,7349,6342,7265,446,25747,87.4%,83.9%,12.6%,25/10/21,Abruzzo,ABR,50-59,0.22%
60-69 anni,168878,153733,139198,139781,5700,4906,3346,583,15145,91.0%,89.1%,9.0%,25/10/21,Abruzzo,ABR,60-69,0.35%
70-79 anni,131536,124109,116648,117208,2472,3189,1240,560,7427,94.4%,93.4%,5.6%,25/10/21,Abruzzo,ABR,70-79,0.43%
80-89 anni,84626,79153,76168,76397,192,1841,723,229,5473,93.5%,92.7%,6.5%,25/10/21,Abruzzo,ABR,80-89,0.27%
oltre 90 anni,20394,19381,18444,18478,53,558,292,34,1013,95.0%,93.6%,5.0%,25/10/21,Abruzzo,ABR,90+,0.17%
0-9 anni,20523,0,0,0,0,0,0,0,20523,0.0%,0.0%,100.0%,25/10/21,Molise,MOL,0-11,0.00%
10-19 anni,25234,16265,14509,14518,18,341,1388,9,8969,64.5%,59.0%,35.5%,25/10/21,Molise,MOL,12-19,0.04%
20-29 anni,31281,25765,21683,21724,1101,704,2236,41,5516,82.4%,75.2%,17.6%,25/10/21,Molise,MOL,20-29,0.13%
30-39 anni,33973,27334,22810,22865,1102,869,2498,55,6639,80.5%,73.1%,19.5%,25/10/21,Molise,MOL,30-39,0.16%
40-49 anni,41036,35496,31822,31961,616,1134,1785,139,5540,86.5%,82.1%,13.5%,25/10/21,Molise,MOL,40-49,0.34%
50-59 anni,46916,43586,38453,38783,1144,1774,1885,330,3330,92.9%,88.9%,7.1%,25/10/21,Molise,MOL,50-59,0.70%
60-69 anni,40784,38511,34688,35269,1483,1304,455,581,2273,94.4%,93.3%,5.6%,25/10/21,Molise,MOL,60-69,1.42%
70-79 anni,30617,29356,27484,28095,541,756,-36,611,1261,95.9%,96.0%,4.1%,25/10/21,Molise,MOL,70-79,2.00%
80-89 anni,20753,19886,18531,18967,27,480,412,436,867,95.8%,93.8%,4.2%,25/10/21,Molise,MOL,80-89,2.10%
oltre 90 anni,5430,5482,4900,5024,3,213,242,124,-52,101.0%,96.5%,-1.0%,25/10/21,Molise,MOL,90+,2.28%
0-9 anni,498552,0,0,0,0,0,0,0,498552,0.0%,0.0%,100.0%,25/10/21,Campania,CAM,0-11,0.00%
10-19 anni,616169,350088,292337,292382,20762,10310,26634,45,266081,56.8%,52.5%,43.2%,25/10/21,Campania,CAM,12-19,0.01%
20-29 anni,685126,560051,469305,469531,23792,23273,43455,226,125075,81.7%,75.4%,18.3%,25/10/21,Campania,CAM,20-29,0.03%
30-39 anni,706752,564767,471583,472090,24389,23546,44742,507,141985,79.9%,73.6%,20.1%,25/10/21,Campania,CAM,30-39,0.07%
40-49 anni,819391,680556,593534,594687,18057,28385,39427,1153,138835,83.1%,78.2%,16.9%,25/10/21,Campania,CAM,40-49,0.14%
50-59 anni,871123,765224,680986,684838,12358,38532,29496,3852,105899,87.8%,84.5%,12.2%,25/10/21,Campania,CAM,50-59,0.44%
60-69 anni,681008,621157,553621,560832,13869,26954,19502,7211,59851,91.2%,88.3%,8.8%,25/10/21,Campania,CAM,60-69,1.06%
70-79 anni,491191,453963,419412,424866,2534,16064,10499,5454,37228,92.4%,90.3%,7.6%,25/10/21,Campania,CAM,70-79,1.11%
80-89 anni,258456,235072,223186,224596,96,6116,4264,1410,23384,91.0%,89.3%,9.0%,25/10/21,Campania,CAM,80-89,0.55%
oltre 90 anni,51991,45062,42240,42457,6,932,1667,217,6929,86.7%,83.5%,13.3%,25/10/21,Campania,CAM,90+,0.42%
0-9 anni,307917,0,0,0,0,0,0,0,307917,0.0%,0.0%,100.0%,25/10/21,Puglia,PUG,0-11,0.00%
10-19 anni,389429,250198,224897,224946,912,8143,16197,49,139231,64.2%,60.1%,35.8%,25/10/21,Puglia,PUG,12-19,0.01%
20-29 anni,435687,364756,319635,319913,4770,14953,25120,278,70931,83.7%,78.0%,16.3%,25/10/21,Puglia,PUG,20-29,0.06%
30-39 anni,453251,379623,330718,331221,6612,15520,26270,503,73628,83.8%,78.0%,16.2%,25/10/21,Puglia,PUG,30-39,0.11%
40-49 anni,570896,498414,431277,432561,21780,20399,23674,1284,72482,87.3%,83.2%,12.7%,25/10/21,Puglia,PUG,40-49,0.22%
50-59 anni,607181,558877,478160,480806,32929,24447,20695,2646,48304,92.0%,88.6%,8.0%,25/10/21,Puglia,PUG,50-59,0.44%
60-69 anni,494337,472252,412677,415949,26497,18866,10940,3272,22085,95.5%,93.3%,4.5%,25/10/21,Puglia,PUG,60-69,0.66%
70-79 anni,395276,384934,349216,352397,13596,11639,7302,3181,10342,97.4%,95.5%,2.6%,25/10/21,Puglia,PUG,70-79,0.80%
80-89 anni,224826,220244,209275,210645,136,4752,4711,1370,4582,98.0%,95.9%,2.0%,25/10/21,Puglia,PUG,80-89,0.61%
oltre 90 anni,48131,48964,45949,46056,5,1025,1878,107,-833,101.7%,97.8%,-1.7%,25/10/21,Puglia,PUG,90+,0.22%
0-9 anni,39386,0,0,0,0,0,0,0,39386,0.0%,0.0%,100.0%,25/10/21,Basilicata,BAS,0-11,0.00%
10-19 anni,50240,31735,27247,27252,1579,800,2104,5,18505,63.2%,59.0%,36.8%,25/10/21,Basilicata,BAS,12-19,0.01%
20-29 anni,59650,47379,42076,42096,869,1512,2902,20,12271,79.4%,74.6%,20.6%,25/10/21,Basilicata,BAS,20-29,0.03%
30-39 anni,64519,49670,44351,44378,604,1415,3273,27,14849,77.0%,71.9%,23.0%,25/10/21,Basilicata,BAS,30-39,0.04%
40-49 anni,76260,63755,56201,56269,2847,1820,2819,68,12505,83.6%,79.9%,16.4%,25/10/21,Basilicata,BAS,40-49,0.09%
50-59 anni,87305,78084,69675,69801,3023,2352,2908,126,9221,89.4%,86.1%,10.6%,25/10/21,Basilicata,BAS,50-59,0.14%
60-69 anni,73674,69108,63392,63570,2096,1599,1843,178,4566,93.8%,91.3%,6.2%,25/10/21,Basilicata,BAS,60-69,0.24%
70-79 anni,52557,50387,48207,48358,134,992,903,151,2170,95.9%,94.2%,4.1%,25/10/21,Basilicata,BAS,70-79,0.29%
80-89 anni,35786,33478,32094,32297,5,521,655,203,2308,93.6%,91.7%,6.4%,25/10/21,Basilicata,BAS,80-89,0.57%
oltre 90 anni,8202,8167,7697,7716,0,144,307,19,35,99.6%,95.8%,0.4%,25/10/21,Basilicata,BAS,90+,0.23%
0-9 anni,154451,0,0,0,0,0,0,0,154451,0.0%,0.0%,100.0%,25/10/21,Calabria,CAL,0-11,0.00%
10-19 anni,181488,97798,87784,87786,588,1648,7776,2,83690,53.9%,49.6%,46.1%,25/10/21,Calabria,CAL,12-19,0.00%
20-29 anni,208920,159876,139656,139695,5460,3363,11358,39,49044,76.5%,71.1%,23.5%,25/10/21,Calabria,CAL,20-29,0.02%
30-39 anni,232935,169841,146257,146337,7065,3253,13186,80,63094,72.9%,67.3%,27.1%,25/10/21,Calabria,CAL,30-39,0.03%
40-49 anni,261369,205093,174643,174828,14830,3806,11629,185,56276,78.5%,74.0%,21.5%,25/10/21,Calabria,CAL,40-49,0.07%
50-59 anni,284757,235861,205672,206078,15216,4133,10434,406,48896,82.8%,79.2%,17.2%,25/10/21,Calabria,CAL,50-59,0.14%
60-69 anni,243667,213880,198898,199539,6782,2918,4641,641,29787,87.8%,85.9%,12.2%,25/10/21,Calabria,CAL,60-69,0.26%
70-79 anni,177666,159946,153592,154300,2184,1568,1894,708,17720,90.0%,89.0%,10.0%,25/10/21,Calabria,CAL,70-79,0.40%
80-89 anni,108240,93392,90498,90771,75,680,1866,273,14848,86.3%,84.6%,13.7%,25/10/21,Calabria,CAL,80-89,0.25%
oltre 90 anni,24235,20211,19172,19213,17,135,846,41,4024,83.4%,79.9%,16.6%,25/10/21,Calabria,CAL,90+,0.17%
0-9 anni,411065,0,0,0,0,0,0,0,411065,0.0%,0.0%,100.0%,25/10/21,Sicilia,SIC,0-11,0.00%
10-19 anni,491263,263064,224243,224271,9043,5855,23895,28,228199,53.5%,48.7%,46.5%,25/10/21,Sicilia,SIC,12-19,0.01%
20-29 anni,551159,423036,358354,358547,15843,12022,36624,193,128123,76.8%,70.1%,23.2%,25/10/21,Sicilia,SIC,20-29,0.04%
30-39 anni,581042,439713,373816,374123,15023,11337,39230,307,141329,75.7%,68.9%,24.3%,25/10/21,Sicilia,SIC,30-39,0.05%
40-49 anni,684564,544574,470182,470897,22554,14082,37041,715,139990,79.6%,74.1%,20.4%,25/10/21,Sicilia,SIC,40-49,0.10%
50-59 anni,732410,620490,547695,549097,21685,16727,32981,1402,111920,84.7%,80.2%,15.3%,25/10/21,Sicilia,SIC,50-59,0.19%
60-69 anni,608346,533758,484942,488074,15255,12132,18297,3132,74588,87.7%,84.7%,12.3%,25/10/21,Sicilia,SIC,60-69,0.51%
70-79 anni,460198,411066,384964,388626,4896,7097,10447,3662,49132,89.3%,87.1%,10.7%,25/10/21,Sicilia,SIC,70-79,0.80%
80-89 anni,265138,233940,223204,224292,110,3698,5840,1088,31198,88.2%,86.0%,11.8%,25/10/21,Sicilia,SIC,80-89,0.41%
oltre 90 anni,55691,49142,45808,45978,16,969,2179,170,6549,88.2%,84.3%,11.8%,25/10/21,Sicilia,SIC,90+,0.31%
0-9 anni,105570,0,0,0,0,0,0,0,105570,0.0%,0.0%,100.0%,25/10/21,Sardegna,SAR,0-11,0.00%
10-19 anni,134368,86907,79086,79092,3,1521,6291,6,47461,64.7%,60.0%,35.3%,25/10/21,Sardegna,SAR,12-19,0.00%
20-29 anni,149270,123850,113345,113440,95,3217,7098,95,25420,83.0%,78.2%,17.0%,25/10/21,Sardegna,SAR,20-29,0.06%
30-39 anni,180864,145001,132030,132246,289,3494,8972,216,35863,80.2%,75.2%,19.8%,25/10/21,Sardegna,SAR,30-39,0.12%
40-49 anni,244621,203573,187649,188196,527,5028,9822,547,41048,83.2%,79.2%,16.8%,25/10/21,Sardegna,SAR,40-49,0.22%
50-59 anni,266104,233708,217169,218051,836,5701,9120,882,32396,87.8%,84.4%,12.2%,25/10/21,Sardegna,SAR,50-59,0.33%
60-69 anni,225334,206766,182424,183547,13924,4348,4947,1123,18568,91.8%,89.6%,8.2%,25/10/21,Sardegna,SAR,60-69,0.50%
70-79 anni,172099,161027,149918,151052,5864,2657,1454,1134,11072,93.6%,92.7%,6.4%,25/10/21,Sardegna,SAR,70-79,0.66%
80-89 anni,97957,92558,88362,89126,161,1371,1900,764,5399,94.5%,92.5%,5.5%,25/10/21,Sardegna,SAR,80-89,0.78%
oltre 90 anni,22038,20728,19295,19399,49,425,855,104,1310,94.1%,90.2%,5.9%,25/10/21,Sardegna,SAR,90+,0.47%
