Età,Popolazione,Prima,Due dosi,Seconda dose,Dose unica J&J,Dose guariti,Prima dose,Dose aggiuntiva,Popolazione non vaccinata,Almeno una dose,Completa,Non vaccinati,aggiornamento,Regione,area,fascia,Aggiuntiva
0-9 anni,4742049,0,0,0,0,0,0,0,4742049,0.0%,0.0%,100.0%,26/09/21,Italia,ITA,0-11,0.00%
10-19 anni,5673197,3142733,2477901,2478059,39777,82643,542254,158,2530464,55.4%,45.8%,44.6%,26/09/21,Italia,ITA,12-19,0.00%
20-29 anni,6041667,4958906,4168757,4169444,120923,163636,504903,687,1082761,82.1%,73.7%,17.9%,26/09/21,Italia,ITA,20-29,0.01%
30-39 anni,6747378,5252312,4413614,4415114,138401,172860,525937,1500,1495066,77.8%,70.0%,22.2%,26/09/21,Italia,ITA,30-39,0.02%
40-49 anni,8700035,6929113,5980847,5984839,197184,244821,502269,3992,1770922,79.6%,73.9%,20.4%,26/09/21,Italia,ITA,40-49,0.05%
50-59 anni,9466362,8090819,6998779,7007508,374113,309527,399671,8729,1375543,85.5%,81.2%,14.5%,26/09/21,Italia,ITA,50-59,0.09%
60-69 anni,7441208,6663090,5794708,5806959,436540,220754,198837,12251,778118,89.5%,86.9%,10.5%,26/09/21,Italia,ITA,60-69,0.16%
70-79 anni,5965244,5515040,5076706,5090475,150236,155352,118977,13769,450204,92.5%,90.5%,7.5%,26/09/21,Italia,ITA,70-79,0.23%
80-89 anni,3665286,3510174,3351609,3355506,10018,76745,67905,3897,155112,95.8%,93.9%,4.2%,26/09/21,Italia,ITA,80-89,0.11%
oltre 90 anni,815140,811486,759470,759765,3782,19484,28455,295,3654,99.6%,96.1%,0.4%,26/09/21,Italia,ITA,90+,0.04%
TOTALE,59257566,44873673,39022391,39067669,1470974,1445822,2889208,45278,14383893,75.7%,70.9%,24.3%,26/09/21,TOTALE,ITA,TOTALE,0.08%
0-9 anni,827209,0,0,0,0,0,0,0,827209,0.0%,0.0%,100.0%,26/09/21,Lombardia,LOM,0-11,0.00%
10-19 anni,964465,586380,486045,486062,150,17344,82824,17,378085,60.8%,52.2%,39.2%,26/09/21,Lombardia,LOM,12-19,0.00%
20-29 anni,983209,899340,790495,790605,1635,33282,73818,110,83869,91.5%,84.0%,8.5%,26/09/21,Lombardia,LOM,20-29,0.01%
30-39 anni,1145186,978151,864769,865030,3279,35888,73954,261,167035,85.4%,79.0%,14.6%,26/09/21,Lombardia,LOM,30-39,0.02%
40-49 anni,1504315,1258280,1128572,1129278,10372,49525,69105,706,246035,83.6%,79.1%,16.4%,26/09/21,Lombardia,LOM,40-49,0.05%
50-59 anni,1609940,1434979,1160027,1161526,167231,58251,47971,1499,174961,89.1%,86.2%,10.9%,26/09/21,Lombardia,LOM,50-59,0.09%
60-69 anni,1201057,1098150,952379,954331,77995,43701,22123,1952,102907,91.4%,89.6%,8.6%,26/09/21,Lombardia,LOM,60-69,0.16%
70-79 anni,988111,923377,844875,846881,29730,31813,14953,2006,64734,93.4%,91.9%,6.6%,26/09/21,Lombardia,LOM,70-79,0.20%
80-89 anni,615067,604757,583410,584324,2089,11589,6755,914,10310,98.3%,97.2%,1.7%,26/09/21,Lombardia,LOM,80-89,0.15%
oltre 90 anni,128433,134456,128506,128565,277,1994,3620,59,-6023,104.7%,101.9%,-4.7%,26/09/21,Lombardia,LOM,90+,0.05%
0-9 anni,355686,0,0,0,0,0,0,0,355686,0.0%,0.0%,100.0%,26/09/21,Emilia-Romagna,EMR,0-11,0.00%
10-19 anni,411452,232065,187763,187768,1000,9082,34215,5,179387,56.4%,48.1%,43.6%,26/09/21,Emilia-Romagna,EMR,12-19,0.00%
20-29 anni,420475,364177,301797,301824,8794,14175,39384,27,56298,86.6%,77.2%,13.4%,26/09/21,Emilia-Romagna,EMR,20-29,0.01%
30-39 anni,495231,395920,328949,329011,8257,15154,43498,62,99311,79.9%,71.2%,20.1%,26/09/21,Emilia-Romagna,EMR,30-39,0.01%
40-49 anni,674865,534623,461594,461780,9383,22590,40870,186,140242,79.2%,73.2%,20.8%,26/09/21,Emilia-Romagna,EMR,40-49,0.03%
50-59 anni,712475,612222,552916,553309,6555,26012,26346,393,100253,85.9%,82.2%,14.1%,26/09/21,Emilia-Romagna,EMR,50-59,0.06%
60-69 anni,549321,493498,417310,417865,50385,15052,10196,555,55823,89.8%,88.0%,10.2%,26/09/21,Emilia-Romagna,EMR,60-69,0.10%
70-79 anni,454505,422599,388154,388673,16747,10634,6545,519,31906,93.0%,91.5%,7.0%,26/09/21,Emilia-Romagna,EMR,70-79,0.11%
80-89 anni,299028,292657,279877,280089,1103,6787,4678,212,6371,97.9%,96.3%,2.1%,26/09/21,Emilia-Romagna,EMR,80-89,0.07%
oltre 90 anni,72511,75953,71182,71208,617,1686,2442,26,-3442,104.7%,101.4%,-4.7%,26/09/21,Emilia-Romagna,EMR,90+,0.04%
0-9 anni,385892,0,0,0,0,0,0,0,385892,0.0%,0.0%,100.0%,26/09/21,Veneto,VEN,0-11,0.00%
10-19 anni,466296,246075,203689,203708,120,6831,35416,19,220221,52.8%,45.2%,47.2%,26/09/21,Veneto,VEN,12-19,0.00%
20-29 anni,481339,392378,337744,337811,660,14270,39637,67,88961,81.5%,73.3%,18.5%,26/09/21,Veneto,VEN,20-29,0.01%
30-39 anni,524439,397452,340078,340212,897,14043,42300,134,126987,75.8%,67.7%,24.2%,26/09/21,Veneto,VEN,30-39,0.03%
40-49 anni,717331,548981,485721,486152,1909,24580,36340,431,168350,76.5%,71.5%,23.5%,26/09/21,Veneto,VEN,40-49,0.06%
50-59 anni,806474,670404,600305,601096,4090,35713,29505,791,136070,83.1%,79.5%,16.9%,26/09/21,Veneto,VEN,50-59,0.10%
60-69 anni,610635,543567,457367,458370,48471,25894,10832,1003,67068,89.0%,87.2%,11.0%,26/09/21,Veneto,VEN,60-69,0.16%
70-79 anni,494721,459920,413396,414607,17746,19779,7788,1211,34801,93.0%,91.4%,7.0%,26/09/21,Veneto,VEN,70-79,0.24%
80-89 anni,298205,295701,278252,278641,1198,10592,5270,389,2504,99.2%,97.4%,0.8%,26/09/21,Veneto,VEN,80-89,0.13%
oltre 90 anni,67121,69826,63909,63933,296,3263,2334,24,-2705,104.0%,100.6%,-4.0%,26/09/21,Veneto,VEN,90+,0.04%
0-9 anni,322117,0,0,0,0,0,0,0,322117,0.0%,0.0%,100.0%,26/09/21,Piemonte,PIE,0-11,0.00%
10-19 anni,383188,200930,144477,144509,303,5619,50499,32,182258,52.4%,39.3%,47.6%,26/09/21,Piemonte,PIE,12-19,0.01%
20-29 anni,404501,336137,275684,275834,2402,11695,46206,150,68364,83.1%,71.7%,16.9%,26/09/21,Piemonte,PIE,20-29,0.04%
30-39 anni,453297,344631,278699,279000,6783,12760,46088,301,108666,76.0%,65.9%,24.0%,26/09/21,Piemonte,PIE,30-39,0.07%
40-49 anni,612180,466062,393529,394328,4698,18592,48444,799,146118,76.1%,68.2%,23.9%,26/09/21,Piemonte,PIE,40-49,0.13%
50-59 anni,692135,574031,498556,500466,8224,23872,41469,1910,118104,82.9%,76.9%,17.1%,26/09/21,Piemonte,PIE,50-59,0.28%
60-69 anni,559966,485297,409184,412164,34546,18944,19643,2980,74669,86.7%,83.2%,13.3%,26/09/21,Piemonte,PIE,60-69,0.53%
70-79 anni,473035,431749,390492,394455,10021,15220,12053,3963,41286,91.3%,88.7%,8.7%,26/09/21,Piemonte,PIE,70-79,0.84%
80-89 anni,307031,296999,279851,279983,2352,7661,7003,132,10032,96.7%,94.5%,3.3%,26/09/21,Piemonte,PIE,80-89,0.04%
oltre 90 anni,65760,67798,61353,61361,1895,2071,2471,8,-2038,103.1%,99.3%,-3.1%,26/09/21,Piemonte,PIE,90+,0.01%
0-9 anni,87116,0,0,0,0,0,0,0,87116,0.0%,0.0%,100.0%,26/09/21,Friuli VG,FVG,0-11,0.00%
10-19 anni,105798,53357,42012,42015,6,1788,9548,3,52441,50.4%,41.4%,49.6%,26/09/21,Friuli VG,FVG,12-19,0.00%
20-29 anni,109577,92080,78457,78467,152,4188,9273,10,17497,84.0%,75.6%,16.0%,26/09/21,Friuli VG,FVG,20-29,0.01%
30-39 anni,123868,92933,78562,78591,221,4434,9687,29,30935,75.0%,67.2%,25.0%,26/09/21,Friuli VG,FVG,30-39,0.02%
40-49 anni,172496,126089,109687,109742,475,7006,8866,55,46407,73.1%,68.0%,26.9%,26/09/21,Friuli VG,FVG,40-49,0.03%
50-59 anni,197534,155596,137899,137989,499,9340,7768,90,41938,78.8%,74.8%,21.2%,26/09/21,Friuli VG,FVG,50-59,0.05%
60-69 anni,156447,130830,104107,104225,16426,5882,4297,118,25617,83.6%,80.9%,16.4%,26/09/21,Friuli VG,FVG,60-69,0.08%
70-79 anni,140238,122474,108897,109012,5950,4712,2800,115,17764,87.3%,85.3%,12.7%,26/09/21,Friuli VG,FVG,70-79,0.08%
80-89 anni,85322,81146,78836,78881,61,839,1365,45,4176,95.1%,93.5%,4.9%,26/09/21,Friuli VG,FVG,80-89,0.05%
oltre 90 anni,20357,19642,18887,18888,2,163,589,1,715,96.5%,93.6%,3.5%,26/09/21,Friuli VG,FVG,90+,0.00%
0-9 anni,9667,0,0,0,0,0,0,0,9667,0.0%,0.0%,100.0%,26/09/21,Valle d'Aosta,VDA,0-11,0.00%
10-19 anni,11812,5796,4546,4546,175,131,944,0,6016,49.1%,41.1%,50.9%,26/09/21,Valle d'Aosta,VDA,12-19,0.00%
20-29 anni,11940,9045,7686,7686,140,288,931,0,2895,75.8%,68.0%,24.2%,26/09/21,Valle d'Aosta,VDA,20-29,0.00%
30-39 anni,13010,9206,7853,7853,52,342,959,0,3804,70.8%,63.4%,29.2%,26/09/21,Valle d'Aosta,VDA,30-39,0.00%
40-49 anni,17884,12765,11351,11351,66,481,867,0,5119,71.4%,66.5%,28.6%,26/09/21,Valle d'Aosta,VDA,40-49,0.00%
50-59 anni,20922,16693,15228,15228,44,663,758,0,4229,79.8%,76.2%,20.2%,26/09/21,Valle d'Aosta,VDA,50-59,0.00%
60-69 anni,16123,13502,12038,12038,455,565,444,0,2621,83.7%,81.0%,16.3%,26/09/21,Valle d'Aosta,VDA,60-69,0.00%
70-79 anni,12953,11646,10863,10863,80,522,181,0,1307,89.9%,88.5%,10.1%,26/09/21,Valle d'Aosta,VDA,70-79,0.00%
80-89 anni,7803,7425,6978,6978,2,280,165,0,378,95.2%,93.0%,4.8%,26/09/21,Valle d'Aosta,VDA,80-89,0.00%
oltre 90 anni,1781,1776,1649,1649,0,75,52,0,5,99.7%,96.8%,0.3%,26/09/21,Valle d'Aosta,VDA,90+,0.00%
0-9 anni,101299,0,0,0,0,0,0,0,101299,0.0%,0.0%,100.0%,26/09/21,Liguria,LIG,0-11,0.00%
10-19 anni,126067,62262,49448,49448,1982,841,9991,0,63805,49.4%,41.5%,50.6%,26/09/21,Liguria,LIG,12-19,0.00%
20-29 anni,136820,110625,87114,87115,10877,1834,10799,1,26195,80.9%,73.0%,19.1%,26/09/21,Liguria,LIG,20-29,0.00%
30-39 anni,147115,111294,90562,90566,7354,1957,11417,4,35821,75.7%,67.9%,24.3%,26/09/21,Liguria,LIG,30-39,0.00%
40-49 anni,203007,152728,135635,135640,2588,2834,11666,5,50279,75.2%,69.5%,24.8%,26/09/21,Liguria,LIG,40-49,0.00%
50-59 anni,253220,205917,190150,190157,929,3851,10980,7,47303,81.3%,77.0%,18.7%,26/09/21,Liguria,LIG,50-59,0.00%
60-69 anni,203505,174801,159128,159142,6367,2747,6545,14,28704,85.9%,82.7%,14.1%,26/09/21,Liguria,LIG,60-69,0.01%
70-79 anni,182496,162626,154779,154803,2143,1875,3805,24,19870,89.1%,87.0%,10.9%,26/09/21,Liguria,LIG,70-79,0.01%
80-89 anni,125677,119184,115202,115208,141,1179,2656,6,6493,94.8%,92.7%,5.2%,26/09/21,Liguria,LIG,80-89,0.00%
oltre 90 anni,30599,30252,28559,28559,163,306,1224,0,347,98.9%,94.9%,1.1%,26/09/21,Liguria,LIG,90+,0.00%
0-9 anni,47826,0,0,0,0,0,0,0,47826,0.0%,0.0%,100.0%,26/09/21,Trento,PAT,0-11,0.00%
10-19 anni,55756,29385,23599,23601,3,916,4865,2,26371,52.7%,44.0%,47.3%,26/09/21,Trento,PAT,12-19,0.00%
20-29 anni,58234,50500,41121,41132,15,2339,7014,11,7734,86.7%,74.7%,13.3%,26/09/21,Trento,PAT,20-29,0.02%
30-39 anni,61070,47410,38678,38685,29,2479,6217,7,13660,77.6%,67.5%,22.4%,26/09/21,Trento,PAT,30-39,0.01%
40-49 anni,76322,58810,48765,48771,1081,3508,5450,6,17512,77.1%,69.9%,22.9%,26/09/21,Trento,PAT,40-49,0.01%
50-59 anni,86000,71746,61251,61257,518,5854,4117,6,14254,83.4%,78.6%,16.6%,26/09/21,Trento,PAT,50-59,0.01%
60-69 anni,67987,60424,52471,52479,1747,4206,1992,8,7563,88.9%,85.9%,11.1%,26/09/21,Trento,PAT,60-69,0.01%
70-79 anni,52872,49302,44684,44691,512,2926,1173,7,3570,93.2%,91.0%,6.8%,26/09/21,Trento,PAT,70-79,0.01%
80-89 anni,30673,30283,27984,27991,32,1609,651,7,390,98.7%,96.6%,1.3%,26/09/21,Trento,PAT,80-89,0.02%
oltre 90 anni,8005,8223,7541,7542,7,391,283,1,-218,102.7%,99.2%,-2.7%,26/09/21,Trento,PAT,90+,0.01%
0-9 anni,54481,0,0,0,0,0,0,0,54481,0.0%,0.0%,100.0%,26/09/21,Bolzano,PAB,0-11,0.00%
10-19 anni,57132,22853,17281,17281,263,1006,4303,0,34279,40.0%,32.5%,60.0%,26/09/21,Bolzano,PAB,12-19,0.00%
20-29 anni,61426,43304,34727,34728,1999,2249,4328,1,18122,70.5%,63.5%,29.5%,26/09/21,Bolzano,PAB,20-29,0.00%
30-39 anni,62922,44305,35175,35180,2522,2378,4225,5,18617,70.4%,63.7%,29.6%,26/09/21,Bolzano,PAB,30-39,0.01%
40-49 anni,74006,55009,46221,46227,1651,3484,3647,6,18997,74.3%,69.4%,25.7%,26/09/21,Bolzano,PAB,40-49,0.01%
50-59 anni,84510,66581,57336,57353,1059,4761,3408,17,17929,78.8%,74.8%,21.2%,26/09/21,Bolzano,PAB,50-59,0.02%
60-69 anni,58814,50121,43544,43558,1962,3225,1376,14,8693,85.2%,82.9%,14.8%,26/09/21,Bolzano,PAB,60-69,0.02%
70-79 anni,46424,40341,36003,36036,1252,2193,860,33,6083,86.9%,85.0%,13.1%,26/09/21,Bolzano,PAB,70-79,0.07%
80-89 anni,27677,25908,23652,23669,481,1122,636,17,1769,93.6%,91.3%,6.4%,26/09/21,Bolzano,PAB,80-89,0.06%
oltre 90 anni,6323,5917,5161,5161,93,363,300,0,406,93.6%,88.8%,6.4%,26/09/21,Bolzano,PAB,90+,0.00%
0-9 anni,114169,0,0,0,0,0,0,0,114169,0.0%,0.0%,100.0%,26/09/21,Marche,MAR,0-11,0.00%
10-19 anni,137741,68293,55421,55424,28,2291,10550,3,69448,49.6%,41.9%,50.4%,26/09/21,Marche,MAR,12-19,0.00%
20-29 anni,145997,115464,100646,100662,350,4872,9580,16,30533,79.1%,72.5%,20.9%,26/09/21,Marche,MAR,20-29,0.01%
30-39 anni,163324,119744,103995,104048,482,4926,10288,53,43580,73.3%,67.0%,26.7%,26/09/21,Marche,MAR,30-39,0.03%
40-49 anni,218851,165274,147758,147870,1114,6924,9366,112,53577,75.5%,71.2%,24.5%,26/09/21,Marche,MAR,40-49,0.05%
50-59 anni,236599,193611,175766,175992,1867,8354,7398,226,42988,81.8%,78.7%,18.2%,26/09/21,Marche,MAR,50-59,0.10%
60-69 anni,194699,170103,144661,144978,17123,5660,2342,317,24596,87.4%,86.2%,12.6%,26/09/21,Marche,MAR,60-69,0.16%
70-79 anni,156000,144882,133249,133609,6570,3836,867,360,11118,92.9%,92.3%,7.1%,26/09/21,Marche,MAR,70-79,0.23%
80-89 anni,108153,102508,97873,97958,573,2292,1685,85,5645,94.8%,93.2%,5.2%,26/09/21,Marche,MAR,80-89,0.08%
oltre 90 anni,25873,25938,24251,24257,116,807,758,6,-65,100.3%,97.3%,-0.3%,26/09/21,Marche,MAR,90+,0.02%
0-9 anni,273053,0,0,0,0,0,0,0,273053,0.0%,0.0%,100.0%,26/09/21,Toscana,TOS,0-11,0.00%
10-19 anni,330958,195777,127159,127193,22,5455,63107,34,135181,59.2%,40.1%,40.8%,26/09/21,Toscana,TOS,12-19,0.01%
20-29 anni,338693,296763,235054,235116,405,9254,51988,62,41930,87.6%,72.3%,12.4%,26/09/21,Toscana,TOS,20-29,0.02%
30-39 anni,395198,328393,261348,261475,503,9920,56495,127,66805,83.1%,68.8%,16.9%,26/09/21,Toscana,TOS,30-39,0.03%
40-49 anni,540242,448801,376936,377281,698,13778,57044,345,91441,83.1%,72.5%,16.9%,26/09/21,Toscana,TOS,40-49,0.06%
50-59 anni,590377,519005,456046,456936,1107,16808,44154,890,71372,87.9%,80.4%,12.1%,26/09/21,Toscana,TOS,50-59,0.15%
60-69 anni,467270,421945,340005,341308,56579,9633,14425,1303,45325,90.3%,87.2%,9.7%,26/09/21,Toscana,TOS,60-69,0.28%
70-79 anni,406475,378460,340690,342209,19342,8804,8105,1519,28015,93.1%,91.1%,6.9%,26/09/21,Toscana,TOS,70-79,0.37%
80-89 anni,263150,260215,247496,248181,869,7001,4164,685,2935,98.9%,97.3%,1.1%,26/09/21,Toscana,TOS,80-89,0.26%
oltre 90 anni,62917,65982,61876,61911,46,1918,2107,35,-3065,104.9%,101.5%,-4.9%,26/09/21,Toscana,TOS,90+,0.06%
0-9 anni,463919,0,0,0,0,0,0,0,463919,0.0%,0.0%,100.0%,26/09/21,Lazio,LAZ,0-11,0.00%
10-19 anni,540535,291684,241673,241680,2731,6573,40700,7,248851,54.0%,46.4%,46.0%,26/09/21,Lazio,LAZ,12-19,0.00%
20-29 anni,558855,472081,381244,381298,40256,12627,37900,54,86774,84.5%,77.7%,15.5%,26/09/21,Lazio,LAZ,20-29,0.01%
30-39 anni,665641,535616,434469,434620,50946,14549,35501,151,130025,80.5%,75.1%,19.5%,26/09/21,Lazio,LAZ,30-39,0.02%
40-49 anni,879906,725038,587684,588148,77299,21095,38496,464,154868,82.4%,78.0%,17.6%,26/09/21,Lazio,LAZ,40-49,0.05%
50-59 anni,940470,828725,683008,683970,87625,25151,31979,962,111745,88.1%,84.7%,11.9%,26/09/21,Lazio,LAZ,50-59,0.10%
60-69 anni,707706,653857,595997,597150,21680,18558,16469,1153,53849,92.4%,90.1%,7.6%,26/09/21,Lazio,LAZ,60-69,0.16%
70-79 anni,551477,520252,492767,493932,5659,11563,9098,1165,31225,94.3%,92.7%,5.7%,26/09/21,Lazio,LAZ,70-79,0.21%
80-89 anni,338530,330363,317488,317939,291,6089,6044,451,8167,97.6%,95.8%,2.4%,26/09/21,Lazio,LAZ,80-89,0.13%
oltre 90 anni,73757,73674,69151,69193,116,1749,2616,42,83,99.9%,96.3%,0.1%,26/09/21,Lazio,LAZ,90+,0.06%
0-9 anni,64317,0,0,0,0,0,0,0,64317,0.0%,0.0%,100.0%,26/09/21,Umbria,UMB,0-11,0.00%
10-19 anni,78462,42901,33373,33377,15,868,8641,4,35561,54.7%,43.7%,45.3%,26/09/21,Umbria,UMB,12-19,0.01%
20-29 anni,81178,64148,55221,55254,274,1923,6697,33,17030,79.0%,70.8%,21.0%,26/09/21,Umbria,UMB,20-29,0.04%
30-39 anni,95565,73174,63848,63911,180,2438,6645,63,22391,76.6%,69.6%,23.4%,26/09/21,Umbria,UMB,30-39,0.07%
40-49 anni,124859,100819,90027,90158,102,3659,6900,131,24040,80.7%,75.2%,19.3%,26/09/21,Umbria,UMB,40-49,0.10%
50-59 anni,135406,116500,107120,107407,82,3913,5098,287,18906,86.0%,82.3%,14.0%,26/09/21,Umbria,UMB,50-59,0.21%
60-69 anni,111650,101254,78869,79255,17428,2200,2371,386,10396,90.7%,88.6%,9.3%,26/09/21,Umbria,UMB,60-69,0.35%
70-79 anni,94797,90073,83735,84177,2323,1852,1721,442,4724,95.0%,93.2%,5.0%,26/09/21,Umbria,UMB,70-79,0.47%
80-89 anni,63188,62271,59807,59892,41,1565,773,85,917,98.5%,97.3%,1.5%,26/09/21,Umbria,UMB,80-89,0.13%
oltre 90 anni,15591,16545,15648,15652,10,427,456,4,-954,106.1%,103.2%,-6.1%,26/09/21,Umbria,UMB,90+,0.03%
0-9 anni,97834,0,0,0,0,0,0,0,97834,0.0%,0.0%,100.0%,26/09/21,Abruzzo,ABR,0-11,0.00%
10-19 anni,115344,65637,54138,54139,92,1552,9854,1,49707,56.9%,48.4%,43.1%,26/09/21,Abruzzo,ABR,12-19,0.00%
20-29 anni,128330,106256,93030,93040,1343,3322,8551,10,22074,82.8%,76.1%,17.2%,26/09/21,Abruzzo,ABR,20-29,0.01%
30-39 anni,148176,112194,97433,97447,2239,3576,8932,14,35982,75.7%,69.7%,24.3%,26/09/21,Abruzzo,ABR,30-39,0.01%
40-49 anni,185634,146550,128586,128616,4822,4823,8289,30,39084,78.9%,74.5%,21.1%,26/09/21,Abruzzo,ABR,40-49,0.02%
50-59 anni,204504,173417,152886,152943,7307,5702,7465,57,31087,84.8%,81.1%,15.2%,26/09/21,Abruzzo,ABR,50-59,0.03%
60-69 anni,168878,151677,137347,137454,5591,4580,4052,107,17201,89.8%,87.4%,10.2%,26/09/21,Abruzzo,ABR,60-69,0.06%
70-79 anni,131536,123336,116120,116211,2436,3009,1680,91,8200,93.8%,92.5%,6.2%,26/09/21,Abruzzo,ABR,70-79,0.07%
80-89 anni,84626,78792,75777,75802,176,1769,1045,25,5834,93.1%,91.9%,6.9%,26/09/21,Abruzzo,ABR,80-89,0.03%
oltre 90 anni,20394,19271,18210,18211,50,539,471,1,1123,94.5%,92.2%,5.5%,26/09/21,Abruzzo,ABR,90+,0.00%
0-9 anni,20523,0,0,0,0,0,0,0,20523,0.0%,0.0%,100.0%,26/09/21,Molise,MOL,0-11,0.00%
10-19 anni,25234,15463,13053,13056,18,301,2088,3,9771,61.3%,53.0%,38.7%,26/09/21,Molise,MOL,12-19,0.01%
20-29 anni,31281,24657,20327,20340,1096,621,2600,13,6624,78.8%,70.5%,21.2%,26/09/21,Molise,MOL,20-29,0.04%
30-39 anni,33973,25881,21210,21225,1091,777,2788,15,8092,76.2%,68.0%,23.8%,26/09/21,Molise,MOL,30-39,0.04%
40-49 anni,41036,34175,30331,30369,608,1037,2161,38,6861,83.3%,78.0%,16.7%,26/09/21,Molise,MOL,40-49,0.09%
50-59 anni,46916,42687,37493,37611,1134,1671,2271,118,4229,91.0%,86.1%,9.0%,26/09/21,Molise,MOL,50-59,0.25%
60-69 anni,40784,38019,34416,34697,1479,1228,615,281,2765,93.2%,91.7%,6.8%,26/09/21,Molise,MOL,60-69,0.69%
70-79 anni,30617,29121,27345,27656,538,739,188,311,1496,95.1%,94.5%,4.9%,26/09/21,Molise,MOL,70-79,1.02%
80-89 anni,20753,19743,18668,18747,27,522,447,79,1010,95.1%,93.0%,4.9%,26/09/21,Molise,MOL,80-89,0.38%
oltre 90 anni,5430,5448,4954,4962,3,247,236,8,-18,100.3%,96.0%,-0.3%,26/09/21,Molise,MOL,90+,0.15%
0-9 anni,498552,0,0,0,0,0,0,0,498552,0.0%,0.0%,100.0%,26/09/21,Campania,CAM,0-11,0.00%
10-19 anni,616169,332077,250275,250280,20759,8394,52644,5,284092,53.9%,45.4%,46.1%,26/09/21,Campania,CAM,12-19,0.00%
20-29 anni,685126,527009,436865,436902,23687,19385,47035,37,158117,76.9%,70.1%,23.1%,26/09/21,Campania,CAM,20-29,0.01%
30-39 anni,706752,527874,433910,434033,24238,19441,50162,123,178878,74.7%,67.6%,25.3%,26/09/21,Campania,CAM,30-39,0.02%
40-49 anni,819391,649907,562549,562814,17982,24166,44945,265,169484,79.3%,73.8%,20.7%,26/09/21,Campania,CAM,40-49,0.03%
50-59 anni,871123,741367,661066,661574,12327,34502,32964,508,129756,85.1%,81.3%,14.9%,26/09/21,Campania,CAM,50-59,0.06%
60-69 anni,681008,609865,545555,546310,13860,24029,25666,755,71143,89.6%,85.8%,10.4%,26/09/21,Campania,CAM,60-69,0.11%
70-79 anni,491191,449964,417415,418219,2533,14461,14751,804,41227,91.6%,88.6%,8.4%,26/09/21,Campania,CAM,70-79,0.16%
80-89 anni,258456,233665,221871,222179,96,5556,5834,308,24791,90.4%,88.2%,9.6%,26/09/21,Campania,CAM,80-89,0.12%
oltre 90 anni,51991,44782,41986,42026,6,847,1903,40,7209,86.1%,82.5%,13.9%,26/09/21,Campania,CAM,90+,0.08%
0-9 anni,307917,0,0,0,0,0,0,0,307917,0.0%,0.0%,100.0%,26/09/21,Puglia,PUG,0-11,0.00%
10-19 anni,389429,239975,193255,193273,903,6747,39052,18,149454,61.6%,51.6%,38.4%,26/09/21,Puglia,PUG,12-19,0.00%
20-29 anni,435687,346997,293791,293854,4672,12231,36240,63,88690,79.6%,71.3%,20.4%,26/09/21,Puglia,PUG,20-29,0.01%
30-39 anni,453251,359546,305042,305158,6502,13046,34840,116,93705,79.3%,71.6%,20.7%,26/09/21,Puglia,PUG,30-39,0.03%
40-49 anni,570896,480953,410908,411232,21700,17311,30710,324,89943,84.2%,78.9%,15.8%,26/09/21,Puglia,PUG,40-49,0.06%
50-59 anni,607181,545396,465013,465760,32878,21444,25314,747,61785,89.8%,85.7%,10.2%,26/09/21,Puglia,PUG,50-59,0.12%
60-69 anni,494337,466607,407825,408816,26473,17020,14298,991,27730,94.4%,91.5%,5.6%,26/09/21,Puglia,PUG,60-69,0.20%
70-79 anni,395276,382605,348143,349056,13592,10814,9143,913,12671,96.8%,94.5%,3.2%,26/09/21,Puglia,PUG,70-79,0.23%
80-89 anni,224826,219470,208835,209204,136,4568,5562,369,5356,97.6%,95.1%,2.4%,26/09/21,Puglia,PUG,80-89,0.16%
oltre 90 anni,48131,48798,45716,45748,5,1049,1996,32,-667,101.4%,97.2%,-1.4%,26/09/21,Puglia,PUG,90+,0.07%
0-9 anni,39386,0,0,0,0,0,0,0,39386,0.0%,0.0%,100.0%,26/09/21,Basilicata,BAS,0-11,0.00%
10-19 anni,50240,30422,23308,23308,1577,592,4945,0,19818,60.6%,50.7%,39.4%,26/09/21,Basilicata,BAS,12-19,0.00%
20-29 anni,59650,45339,38863,38867,842,1160,4470,4,14311,76.0%,68.5%,24.0%,26/09/21,Basilicata,BAS,20-29,0.01%
30-39 anni,64519,46971,40557,40565,580,1078,4748,8,17548,72.8%,65.4%,27.2%,26/09/21,Basilicata,BAS,30-39,0.01%
40-49 anni,76260,61434,53270,53291,2820,1434,3889,21,14826,80.6%,75.5%,19.4%,26/09/21,Basilicata,BAS,40-49,0.03%
50-59 anni,87305,76014,67338,67381,3005,1913,3715,43,11291,87.1%,82.8%,12.9%,26/09/21,Basilicata,BAS,50-59,0.05%
60-69 anni,73674,68048,61937,61992,2075,1300,2681,55,5626,92.4%,88.7%,7.6%,26/09/21,Basilicata,BAS,60-69,0.07%
70-79 anni,52557,49975,47695,47749,129,862,1235,54,2582,95.1%,92.7%,4.9%,26/09/21,Basilicata,BAS,70-79,0.10%
80-89 anni,35786,33331,32010,32014,5,475,837,4,2455,93.1%,90.8%,6.9%,26/09/21,Basilicata,BAS,80-89,0.01%
oltre 90 anni,8202,8131,7656,7656,0,132,343,0,71,99.1%,95.0%,0.9%,26/09/21,Basilicata,BAS,90+,0.00%
0-9 anni,154451,0,0,0,0,0,0,0,154451,0.0%,0.0%,100.0%,26/09/21,Calabria,CAL,0-11,0.00%
10-19 anni,181488,92012,72844,72844,586,1088,17494,0,89476,50.7%,41.1%,49.3%,26/09/21,Calabria,CAL,12-19,0.00%
20-29 anni,208920,149761,127578,127583,5438,2438,14302,5,59159,71.7%,64.8%,28.3%,26/09/21,Calabria,CAL,20-29,0.00%
30-39 anni,232935,157494,132259,132266,7007,2306,15915,7,75441,67.6%,60.8%,32.4%,26/09/21,Calabria,CAL,30-39,0.00%
40-49 anni,261369,193930,161974,161984,14787,2782,14377,10,67439,74.2%,68.7%,25.8%,26/09/21,Calabria,CAL,40-49,0.00%
50-59 anni,284757,226137,195303,195341,15156,3126,12514,38,58620,79.4%,75.0%,20.6%,26/09/21,Calabria,CAL,50-59,0.01%
60-69 anni,243667,208892,193603,193650,6735,2297,6210,47,34775,85.7%,83.2%,14.3%,26/09/21,Calabria,CAL,60-69,0.02%
70-79 anni,177666,158017,151505,151556,2177,1288,2996,51,19649,88.9%,87.3%,11.1%,26/09/21,Calabria,CAL,70-79,0.03%
80-89 anni,108240,92620,89590,89598,74,604,2344,8,15620,85.6%,83.4%,14.4%,26/09/21,Calabria,CAL,80-89,0.01%
oltre 90 anni,24235,20079,19032,19032,17,136,894,0,4156,82.9%,79.2%,17.1%,26/09/21,Calabria,CAL,90+,0.00%
0-9 anni,411065,0,0,0,0,0,0,0,411065,0.0%,0.0%,100.0%,26/09/21,Sicilia,SIC,0-11,0.00%
10-19 anni,491263,246105,187859,187862,9041,4082,45120,3,245158,50.1%,40.9%,49.9%,26/09/21,Sicilia,SIC,12-19,0.00%
20-29 anni,551159,393972,327320,327330,15794,9016,41832,10,157187,71.5%,63.9%,28.5%,26/09/21,Sicilia,SIC,20-29,0.00%
30-39 anni,581042,406007,336529,336544,14966,8629,45868,15,175035,69.9%,62.0%,30.1%,26/09/21,Sicilia,SIC,30-39,0.00%
40-49 anni,684564,512866,434371,434415,22521,11058,44872,44,171698,74.9%,68.4%,25.1%,26/09/21,Sicilia,SIC,40-49,0.01%
50-59 anni,732410,592556,517371,517472,21658,13661,39765,101,139854,80.9%,75.5%,19.1%,26/09/21,Sicilia,SIC,50-59,0.01%
60-69 anni,608346,518975,469223,469398,15253,10237,24087,175,89371,85.3%,81.3%,14.7%,26/09/21,Sicilia,SIC,60-69,0.03%
70-79 anni,460198,404718,377906,378061,4896,6067,15694,155,55480,87.9%,84.5%,12.1%,26/09/21,Sicilia,SIC,70-79,0.03%
80-89 anni,265138,231200,220375,220434,110,3389,7267,59,33938,87.2%,84.5%,12.8%,26/09/21,Sicilia,SIC,80-89,0.02%
oltre 90 anni,55691,48453,45198,45204,16,913,2320,6,7238,87.0%,82.8%,13.0%,26/09/21,Sicilia,SIC,90+,0.01%
0-9 anni,105570,0,0,0,0,0,0,0,105570,0.0%,0.0%,100.0%,26/09/21,Sardegna,SAR,0-11,0.00%
10-19 anni,134368,83284,66683,66685,3,1142,15454,2,51084,62.0%,50.5%,38.0%,26/09/21,Sardegna,SAR,12-19,0.00%
20-29 anni,149270,118873,103993,103996,92,2467,12318,3,30397,79.6%,71.4%,20.4%,26/09/21,Sardegna,SAR,20-29,0.00%
30-39 anni,180864,138116,119689,119694,273,2739,15410,5,42748,76.4%,67.8%,23.6%,26/09/21,Sardegna,SAR,30-39,0.00%
40-49 anni,244621,196019,175378,175392,508,4154,15965,14,48602,80.1%,73.6%,19.9%,26/09/21,Sardegna,SAR,40-49,0.01%
50-59 anni,266104,227235,206701,206740,818,4965,14712,39,38869,85.4%,79.9%,14.6%,26/09/21,Sardegna,SAR,50-59,0.01%
60-69 anni,225334,203658,177742,177779,13910,3796,8173,37,21676,90.4%,86.8%,9.6%,26/09/21,Sardegna,SAR,60-69,0.02%
70-79 anni,172099,159603,147993,148019,5860,2383,3341,26,12496,92.7%,90.8%,7.3%,26/09/21,Sardegna,SAR,70-79,0.02%
80-89 anni,97957,91936,87777,87794,161,1257,2724,17,6021,93.9%,91.1%,6.1%,26/09/21,Sardegna,SAR,80-89,0.02%
oltre 90 anni,22038,20542,19045,19047,47,408,1040,2,1496,93.2%,88.5%,6.8%,26/09/21,Sardegna,SAR,90+,0.01%
