Età,Popolazione,Prima,Due dosi,Seconda dose,Dose unica J&J,Dose guariti,Prima dose,Dose aggiuntiva,Popolazione non vaccinata,Almeno una dose,Completa,Non vaccinati,aggiornamento,Regione,area,fascia,Aggiuntiva
0-9 anni,4742049,0,0,0,0,0,0,0,4742049,0.0%,0.0%,100.0%,24/09/21,Italia,ITA,0-11,0.00%
10-19 anni,5673197,3125420,2422123,2422242,39758,81587,581833,119,2547777,55.1%,44.8%,44.9%,24/09/21,Italia,ITA,12-19,0.00%
20-29 anni,6041667,4935782,4139802,4140363,120710,162251,512458,561,1105885,81.7%,73.2%,18.3%,24/09/21,Italia,ITA,20-29,0.01%
30-39 anni,6747378,5221935,4382491,4383714,138123,171192,528906,1223,1525443,77.4%,69.6%,22.6%,24/09/21,Italia,ITA,30-39,0.02%
40-49 anni,8700035,6898462,5953323,5956597,196864,242468,502533,3274,1801573,79.3%,73.5%,20.7%,24/09/21,Italia,ITA,40-49,0.04%
50-59 anni,9466362,8065317,6980123,6987358,373883,307079,396997,7235,1401045,85.2%,81.0%,14.8%,24/09/21,Italia,ITA,50-59,0.08%
60-69 anni,7441208,6654483,5789661,5799795,436074,219667,198947,10134,786725,89.4%,86.8%,10.6%,24/09/21,Italia,ITA,60-69,0.14%
70-79 anni,5965244,5512297,5075907,5087334,150123,154909,119931,11427,452947,92.4%,90.4%,7.6%,24/09/21,Italia,ITA,70-79,0.19%
80-89 anni,3665286,3509147,3351148,3354414,9997,76645,68091,3266,156139,95.7%,93.9%,4.3%,24/09/21,Italia,ITA,80-89,0.09%
oltre 90 anni,815140,811269,759329,759575,3781,19480,28433,246,3871,99.5%,96.0%,0.5%,24/09/21,Italia,ITA,90+,0.03%
TOTALE,59257566,44734112,38853907,38891392,1469313,1435278,2938129,37485,14523454,75.5%,70.5%,24.5%,24/09/21,TOTALE,ITA,TOTALE,0.06%
0-9 anni,827209,0,0,0,0,0,0,0,827209,0.0%,0.0%,100.0%,24/09/21,Lombardia,LOM,0-11,0.00%
10-19 anni,964465,583620,472990,473007,150,17167,93296,17,380845,60.5%,50.8%,39.5%,24/09/21,Lombardia,LOM,12-19,0.00%
20-29 anni,983209,895281,783913,784011,1634,33020,76616,98,87928,91.1%,83.3%,8.9%,24/09/21,Lombardia,LOM,20-29,0.01%
30-39 anni,1145186,972820,857638,857883,3271,35560,76106,245,172366,84.9%,78.3%,15.1%,24/09/21,Lombardia,LOM,30-39,0.02%
40-49 anni,1504315,1252661,1122288,1122961,10362,49064,70274,673,251654,83.3%,78.6%,16.7%,24/09/21,Lombardia,LOM,40-49,0.04%
50-59 anni,1609940,1430389,1156025,1157465,167205,57742,47977,1440,179551,88.8%,85.9%,11.2%,24/09/21,Lombardia,LOM,50-59,0.09%
60-69 anni,1201057,1096827,951090,952975,77917,43474,22461,1885,104230,91.3%,89.5%,8.7%,24/09/21,Lombardia,LOM,60-69,0.16%
70-79 anni,988111,922962,844342,846310,29718,31712,15222,1968,65149,93.4%,91.9%,6.6%,24/09/21,Lombardia,LOM,70-79,0.20%
80-89 anni,615067,604580,583195,584086,2081,11576,6837,891,10487,98.3%,97.2%,1.7%,24/09/21,Lombardia,LOM,80-89,0.14%
oltre 90 anni,128433,134420,128468,128528,277,1993,3622,60,-5987,104.7%,101.8%,-4.7%,24/09/21,Lombardia,LOM,90+,0.05%
0-9 anni,355686,0,0,0,0,0,0,0,355686,0.0%,0.0%,100.0%,24/09/21,Emilia-Romagna,EMR,0-11,0.00%
10-19 anni,411452,230774,183973,183976,1000,8989,36809,3,180678,56.1%,47.1%,43.9%,24/09/21,Emilia-Romagna,EMR,12-19,0.00%
20-29 anni,420475,361919,298673,298694,8792,14061,40372,21,58556,86.1%,76.5%,13.9%,24/09/21,Emilia-Romagna,EMR,20-29,0.00%
30-39 anni,495231,392967,325393,325436,8253,15017,44261,43,102264,79.4%,70.4%,20.6%,24/09/21,Emilia-Romagna,EMR,30-39,0.01%
40-49 anni,674865,531578,458263,458412,9377,22384,41405,149,143287,78.8%,72.6%,21.2%,24/09/21,Emilia-Romagna,EMR,40-49,0.02%
50-59 anni,712475,610028,551185,551495,6548,25799,26186,310,102447,85.6%,81.9%,14.4%,24/09/21,Emilia-Romagna,EMR,50-59,0.04%
60-69 anni,549321,492791,416992,417444,50230,14986,10131,452,56530,89.7%,87.9%,10.3%,24/09/21,Emilia-Romagna,EMR,60-69,0.08%
70-79 anni,454505,422388,388031,388459,16703,10604,6622,428,32117,92.9%,91.5%,7.1%,24/09/21,Emilia-Romagna,EMR,70-79,0.09%
80-89 anni,299028,292599,279856,280011,1103,6782,4703,155,6429,97.9%,96.3%,2.1%,24/09/21,Emilia-Romagna,EMR,80-89,0.05%
oltre 90 anni,72511,75945,71176,71196,617,1686,2446,20,-3434,104.7%,101.4%,-4.7%,24/09/21,Emilia-Romagna,EMR,90+,0.03%
0-9 anni,385892,0,0,0,0,0,0,0,385892,0.0%,0.0%,100.0%,24/09/21,Veneto,VEN,0-11,0.00%
10-19 anni,466296,244735,199815,199819,120,6768,38028,4,221561,52.5%,44.3%,47.5%,24/09/21,Veneto,VEN,12-19,0.00%
20-29 anni,481339,390097,335790,335844,660,14182,39411,54,91242,81.0%,72.9%,19.0%,24/09/21,Veneto,VEN,20-29,0.01%
30-39 anni,524439,394434,337856,337970,897,13950,41617,114,130005,75.2%,67.3%,24.8%,24/09/21,Veneto,VEN,30-39,0.02%
40-49 anni,717331,545962,484065,484431,1908,24434,35189,366,171369,76.1%,71.2%,23.9%,24/09/21,Veneto,VEN,40-49,0.05%
50-59 anni,806474,667680,599264,599917,4089,35529,28145,653,138794,82.8%,79.3%,17.2%,24/09/21,Veneto,VEN,50-59,0.08%
60-69 anni,610635,543027,457264,458097,48392,25843,10695,833,67608,88.9%,87.2%,11.1%,24/09/21,Veneto,VEN,60-69,0.14%
70-79 anni,494721,459813,413479,414493,17737,19770,7813,1014,34908,92.9%,91.4%,7.1%,24/09/21,Veneto,VEN,70-79,0.20%
80-89 anni,298205,295664,278263,278600,1195,10590,5279,337,2541,99.1%,97.4%,0.9%,24/09/21,Veneto,VEN,80-89,0.11%
oltre 90 anni,67121,69822,63902,63925,296,3264,2337,23,-2701,104.0%,100.5%,-4.0%,24/09/21,Veneto,VEN,90+,0.03%
0-9 anni,322117,0,0,0,0,0,0,0,322117,0.0%,0.0%,100.0%,24/09/21,Piemonte,PIE,0-11,0.00%
10-19 anni,383188,199342,139144,139165,303,5524,54350,21,183846,52.0%,37.8%,48.0%,24/09/21,Piemonte,PIE,12-19,0.01%
20-29 anni,404501,334147,272759,272884,2396,11571,47296,125,70354,82.6%,70.9%,17.4%,24/09/21,Piemonte,PIE,20-29,0.03%
30-39 anni,453297,342041,276035,276268,6775,12619,46379,233,111256,75.5%,65.2%,24.5%,24/09/21,Piemonte,PIE,30-39,0.05%
40-49 anni,612180,463257,391297,391933,4690,18352,48282,636,148923,75.7%,67.8%,24.3%,24/09/21,Piemonte,PIE,40-49,0.10%
50-59 anni,692135,571488,496934,498460,8217,23627,41184,1526,120647,82.6%,76.6%,17.4%,24/09/21,Piemonte,PIE,50-59,0.22%
60-69 anni,559966,484544,409082,411429,34522,18826,19767,2347,75422,86.5%,83.0%,13.5%,24/09/21,Piemonte,PIE,60-69,0.42%
70-79 anni,473035,431531,390837,394097,10020,15179,12235,3260,41504,91.2%,88.6%,8.8%,24/09/21,Piemonte,PIE,70-79,0.69%
80-89 anni,307031,296910,279772,279891,2352,7646,7021,119,10121,96.7%,94.4%,3.3%,24/09/21,Piemonte,PIE,80-89,0.04%
oltre 90 anni,65760,67782,61339,61346,1895,2072,2469,7,-2022,103.1%,99.3%,-3.1%,24/09/21,Piemonte,PIE,90+,0.01%
0-9 anni,87116,0,0,0,0,0,0,0,87116,0.0%,0.0%,100.0%,24/09/21,Friuli VG,FVG,0-11,0.00%
10-19 anni,105798,52709,41602,41603,6,1748,9352,1,53089,49.8%,41.0%,50.2%,24/09/21,Friuli VG,FVG,12-19,0.00%
20-29 anni,109577,91144,78064,78070,152,4137,8785,6,18433,83.2%,75.2%,16.8%,24/09/21,Friuli VG,FVG,20-29,0.01%
30-39 anni,123868,91760,78182,78200,220,4378,8962,18,32108,74.1%,66.8%,25.9%,24/09/21,Friuli VG,FVG,30-39,0.01%
40-49 anni,172496,124818,109404,109436,472,6938,7972,32,47678,72.4%,67.7%,27.6%,24/09/21,Friuli VG,FVG,40-49,0.02%
50-59 anni,197534,154498,137660,137724,497,9246,7031,64,43036,78.2%,74.7%,21.8%,24/09/21,Friuli VG,FVG,50-59,0.03%
60-69 anni,156447,130417,103999,104093,16424,5837,4063,94,26030,83.4%,80.8%,16.6%,24/09/21,Friuli VG,FVG,60-69,0.06%
70-79 anni,140238,122330,108837,108934,5947,4695,2754,97,17908,87.2%,85.3%,12.8%,24/09/21,Friuli VG,FVG,70-79,0.07%
80-89 anni,85322,81088,78812,78851,61,832,1344,39,4234,95.0%,93.5%,5.0%,24/09/21,Friuli VG,FVG,80-89,0.05%
oltre 90 anni,20357,19630,18883,18883,2,163,582,0,727,96.4%,93.6%,3.6%,24/09/21,Friuli VG,FVG,90+,0.00%
0-9 anni,9667,0,0,0,0,0,0,0,9667,0.0%,0.0%,100.0%,24/09/21,Valle d'Aosta,VDA,0-11,0.00%
10-19 anni,11812,5760,4455,4455,175,127,1003,0,6052,48.8%,40.3%,51.2%,24/09/21,Valle d'Aosta,VDA,12-19,0.00%
20-29 anni,11940,9004,7674,7674,140,281,909,0,2936,75.4%,67.8%,24.6%,24/09/21,Valle d'Aosta,VDA,20-29,0.00%
30-39 anni,13010,9163,7835,7835,52,335,941,0,3847,70.4%,63.2%,29.6%,24/09/21,Valle d'Aosta,VDA,30-39,0.00%
40-49 anni,17884,12703,11337,11337,66,474,826,0,5181,71.0%,66.4%,29.0%,24/09/21,Valle d'Aosta,VDA,40-49,0.00%
50-59 anni,20922,16650,15222,15222,44,656,728,0,4272,79.6%,76.1%,20.4%,24/09/21,Valle d'Aosta,VDA,50-59,0.00%
60-69 anni,16123,13488,12035,12035,455,558,440,0,2635,83.7%,80.9%,16.3%,24/09/21,Valle d'Aosta,VDA,60-69,0.00%
70-79 anni,12953,11644,10861,10861,80,521,182,0,1309,89.9%,88.5%,10.1%,24/09/21,Valle d'Aosta,VDA,70-79,0.00%
80-89 anni,7803,7425,6978,6978,2,280,165,0,378,95.2%,93.0%,4.8%,24/09/21,Valle d'Aosta,VDA,80-89,0.00%
oltre 90 anni,1781,1776,1649,1649,0,75,52,0,5,99.7%,96.8%,0.3%,24/09/21,Valle d'Aosta,VDA,90+,0.00%
0-9 anni,101299,0,0,0,0,0,0,0,101299,0.0%,0.0%,100.0%,24/09/21,Liguria,LIG,0-11,0.00%
10-19 anni,126067,62044,49110,49110,1982,829,10123,0,64023,49.2%,41.2%,50.8%,24/09/21,Liguria,LIG,12-19,0.00%
20-29 anni,136820,110284,86906,86906,10877,1813,10688,0,26536,80.6%,72.8%,19.4%,24/09/21,Liguria,LIG,20-29,0.00%
30-39 anni,147115,110950,90381,90381,7354,1938,11277,0,36165,75.4%,67.8%,24.6%,24/09/21,Liguria,LIG,30-39,0.00%
40-49 anni,203007,152366,135426,135428,2586,2806,11546,2,50641,75.1%,69.4%,24.9%,24/09/21,Liguria,LIG,40-49,0.00%
50-59 anni,253220,205572,189996,189996,922,3817,10837,0,47648,81.2%,76.9%,18.8%,24/09/21,Liguria,LIG,50-59,0.00%
60-69 anni,203505,174666,159064,159066,6366,2731,6503,2,28839,85.8%,82.6%,14.2%,24/09/21,Liguria,LIG,60-69,0.00%
70-79 anni,182496,162593,154773,154776,2143,1868,3806,3,19903,89.1%,87.0%,10.9%,24/09/21,Liguria,LIG,70-79,0.00%
80-89 anni,125677,119171,115192,115193,141,1179,2658,1,6506,94.8%,92.7%,5.2%,24/09/21,Liguria,LIG,80-89,0.00%
oltre 90 anni,30599,30252,28559,28559,163,306,1224,0,347,98.9%,94.9%,1.1%,24/09/21,Liguria,LIG,90+,0.00%
0-9 anni,47826,0,0,0,0,0,0,0,47826,0.0%,0.0%,100.0%,24/09/21,Trento,PAT,0-11,0.00%
10-19 anni,55756,29295,23362,23364,3,914,5014,2,26461,52.5%,43.5%,47.5%,24/09/21,Trento,PAT,12-19,0.00%
20-29 anni,58234,50312,40960,40970,15,2332,6995,10,7922,86.4%,74.4%,13.6%,24/09/21,Trento,PAT,20-29,0.02%
30-39 anni,61070,47193,38526,38533,29,2472,6159,7,13877,77.3%,67.2%,22.7%,24/09/21,Trento,PAT,30-39,0.01%
40-49 anni,76322,58606,48617,48621,1080,3504,5401,4,17716,76.8%,69.7%,23.2%,24/09/21,Trento,PAT,40-49,0.01%
50-59 anni,86000,71584,61168,61173,516,5847,4048,5,14416,83.2%,78.5%,16.8%,24/09/21,Trento,PAT,50-59,0.01%
60-69 anni,67987,60368,52451,52458,1747,4202,1961,7,7619,88.8%,85.9%,11.2%,24/09/21,Trento,PAT,60-69,0.01%
70-79 anni,52872,49288,44671,44676,512,2923,1177,5,3584,93.2%,91.0%,6.8%,24/09/21,Trento,PAT,70-79,0.01%
80-89 anni,30673,30281,27979,27985,32,1609,655,6,392,98.7%,96.6%,1.3%,24/09/21,Trento,PAT,80-89,0.02%
oltre 90 anni,8005,8219,7538,7539,7,391,282,1,-214,102.7%,99.2%,-2.7%,24/09/21,Trento,PAT,90+,0.01%
0-9 anni,54481,0,0,0,0,0,0,0,54481,0.0%,0.0%,100.0%,24/09/21,Bolzano,PAB,0-11,0.00%
10-19 anni,57132,22602,16934,16934,261,1008,4399,0,34530,39.6%,31.9%,60.4%,24/09/21,Bolzano,PAB,12-19,0.00%
20-29 anni,61426,42998,34562,34563,1981,2250,4204,1,18428,70.0%,63.2%,30.0%,24/09/21,Bolzano,PAB,20-29,0.00%
30-39 anni,62922,44034,35003,35008,2502,2378,4146,5,18888,70.0%,63.4%,30.0%,24/09/21,Bolzano,PAB,30-39,0.01%
40-49 anni,74006,54761,46064,46070,1623,3484,3584,6,19245,74.0%,69.2%,26.0%,24/09/21,Bolzano,PAB,40-49,0.01%
50-59 anni,84510,66354,57224,57241,1036,4764,3313,17,18156,78.5%,74.6%,21.5%,24/09/21,Bolzano,PAB,50-59,0.02%
60-69 anni,58814,50049,43506,43520,1928,3228,1373,14,8765,85.1%,82.8%,14.9%,24/09/21,Bolzano,PAB,60-69,0.02%
70-79 anni,46424,40309,35984,36017,1237,2193,862,33,6115,86.8%,85.0%,13.2%,24/09/21,Bolzano,PAB,70-79,0.07%
80-89 anni,27677,25892,23641,23658,474,1122,638,17,1785,93.6%,91.2%,6.4%,24/09/21,Bolzano,PAB,80-89,0.06%
oltre 90 anni,6323,5915,5158,5158,92,363,302,0,408,93.5%,88.8%,6.5%,24/09/21,Bolzano,PAB,90+,0.00%
0-9 anni,114169,0,0,0,0,0,0,0,114169,0.0%,0.0%,100.0%,24/09/21,Marche,MAR,0-11,0.00%
10-19 anni,137741,68091,54929,54931,28,2279,10853,2,69650,49.4%,41.6%,50.6%,24/09/21,Marche,MAR,12-19,0.00%
20-29 anni,145997,115130,100404,100418,350,4851,9511,14,30867,78.9%,72.3%,21.1%,24/09/21,Marche,MAR,20-29,0.01%
30-39 anni,163324,119234,103726,103762,480,4903,10089,36,44090,73.0%,66.8%,27.0%,24/09/21,Marche,MAR,30-39,0.02%
40-49 anni,218851,164732,147501,147582,1114,6889,9147,81,54119,75.3%,71.1%,24.7%,24/09/21,Marche,MAR,40-49,0.04%
50-59 anni,236599,193143,175634,175803,1864,8312,7164,169,43456,81.6%,78.6%,18.4%,24/09/21,Marche,MAR,50-59,0.07%
60-69 anni,194699,169952,144618,144879,17098,5650,2325,261,24747,87.3%,86.1%,12.7%,24/09/21,Marche,MAR,60-69,0.13%
70-79 anni,156000,144834,133266,133566,6562,3828,878,300,11166,92.8%,92.3%,7.2%,24/09/21,Marche,MAR,70-79,0.19%
80-89 anni,108153,102490,97863,97937,571,2289,1693,74,5663,94.8%,93.2%,5.2%,24/09/21,Marche,MAR,80-89,0.07%
oltre 90 anni,25873,25933,24246,24252,116,807,758,6,-60,100.2%,97.3%,-0.2%,24/09/21,Marche,MAR,90+,0.02%
0-9 anni,273053,0,0,0,0,0,0,0,273053,0.0%,0.0%,100.0%,24/09/21,Toscana,TOS,0-11,0.00%
10-19 anni,330958,194392,119790,119822,22,5329,69219,32,136566,58.7%,37.8%,41.3%,24/09/21,Toscana,TOS,12-19,0.01%
20-29 anni,338693,294863,230478,230536,403,9106,54818,58,43830,87.1%,70.9%,12.9%,24/09/21,Toscana,TOS,20-29,0.02%
30-39 anni,395198,325859,256856,256976,495,9740,58648,120,69339,82.5%,67.6%,17.5%,24/09/21,Toscana,TOS,30-39,0.03%
40-49 anni,540242,446242,372883,373190,695,13527,58830,307,94000,82.6%,71.7%,17.4%,24/09/21,Toscana,TOS,40-49,0.06%
50-59 anni,590377,516839,453214,454008,1105,16541,45185,794,73538,87.5%,79.9%,12.5%,24/09/21,Toscana,TOS,50-59,0.13%
60-69 anni,467270,421215,339746,340901,56574,9499,14241,1155,46055,90.1%,87.1%,9.9%,24/09/21,Toscana,TOS,60-69,0.25%
70-79 anni,406475,378220,340730,342054,19341,8754,8071,1324,28255,93.0%,91.1%,7.0%,24/09/21,Toscana,TOS,70-79,0.33%
80-89 anni,263150,260128,247506,248109,869,6979,4171,603,3022,98.9%,97.3%,1.1%,24/09/21,Toscana,TOS,80-89,0.23%
oltre 90 anni,62917,65967,61863,61895,46,1916,2110,32,-3050,104.8%,101.5%,-4.8%,24/09/21,Toscana,TOS,90+,0.05%
0-9 anni,463919,0,0,0,0,0,0,0,463919,0.0%,0.0%,100.0%,24/09/21,Lazio,LAZ,0-11,0.00%
10-19 anni,540535,288964,234794,234800,2722,6413,45029,6,251571,53.5%,45.1%,46.5%,24/09/21,Lazio,LAZ,12-19,0.00%
20-29 anni,558855,469420,379295,379334,40138,12475,37473,39,89435,84.0%,77.3%,16.0%,24/09/21,Lazio,LAZ,20-29,0.01%
30-39 anni,665641,531828,432302,432430,50771,14337,34290,128,133813,79.9%,74.7%,20.1%,24/09/21,Lazio,LAZ,30-39,0.02%
40-49 anni,879906,721390,585821,586195,77075,20776,37344,374,158516,82.0%,77.7%,18.0%,24/09/21,Lazio,LAZ,40-49,0.04%
50-59 anni,940470,825838,681822,682643,87489,24843,30863,821,114632,87.8%,84.5%,12.2%,24/09/21,Lazio,LAZ,50-59,0.09%
60-69 anni,707706,652871,595644,596637,21647,18429,16158,993,54835,92.3%,90.0%,7.7%,24/09/21,Lazio,LAZ,60-69,0.14%
70-79 anni,551477,519974,492766,493733,5650,11510,9081,967,31503,94.3%,92.6%,5.7%,24/09/21,Lazio,LAZ,70-79,0.18%
80-89 anni,338530,330251,317472,317842,291,6078,6040,370,8279,97.6%,95.8%,2.4%,24/09/21,Lazio,LAZ,80-89,0.11%
oltre 90 anni,73757,73647,69138,69174,116,1747,2610,36,110,99.9%,96.3%,0.1%,24/09/21,Lazio,LAZ,90+,0.05%
0-9 anni,64317,0,0,0,0,0,0,0,64317,0.0%,0.0%,100.0%,24/09/21,Umbria,UMB,0-11,0.00%
10-19 anni,78462,42637,32292,32293,15,862,9467,1,35825,54.3%,42.3%,45.7%,24/09/21,Umbria,UMB,12-19,0.00%
20-29 anni,81178,63898,55009,55021,274,1911,6692,12,17280,78.7%,70.5%,21.3%,24/09/21,Umbria,UMB,20-29,0.01%
30-39 anni,95565,72829,63647,63673,180,2432,6544,26,22736,76.2%,69.4%,23.8%,24/09/21,Umbria,UMB,30-39,0.03%
40-49 anni,124859,100502,89912,89973,102,3643,6784,61,24357,80.5%,75.1%,19.5%,24/09/21,Umbria,UMB,40-49,0.05%
50-59 anni,135406,116201,107126,107266,82,3904,4949,140,19205,85.8%,82.2%,14.2%,24/09/21,Umbria,UMB,50-59,0.10%
60-69 anni,111650,101152,78940,79177,17425,2191,2359,237,10498,90.6%,88.5%,9.4%,24/09/21,Umbria,UMB,60-69,0.21%
70-79 anni,94797,90049,83840,84125,2323,1848,1753,285,4748,95.0%,93.1%,5.0%,24/09/21,Umbria,UMB,70-79,0.30%
80-89 anni,63188,62255,59799,59881,41,1562,771,82,933,98.5%,97.3%,1.5%,24/09/21,Umbria,UMB,80-89,0.13%
oltre 90 anni,15591,16544,15646,15650,10,427,457,4,-953,106.1%,103.2%,-6.1%,24/09/21,Umbria,UMB,90+,0.03%
0-9 anni,97834,0,0,0,0,0,0,0,97834,0.0%,0.0%,100.0%,24/09/21,Abruzzo,ABR,0-11,0.00%
10-19 anni,115344,65407,53426,53427,92,1540,10348,1,49937,56.7%,47.7%,43.3%,24/09/21,Abruzzo,ABR,12-19,0.00%
20-29 anni,128330,105979,92743,92752,1343,3304,8580,9,22351,82.6%,75.9%,17.4%,24/09/21,Abruzzo,ABR,20-29,0.01%
30-39 anni,148176,111790,97053,97067,2238,3545,8940,14,36386,75.4%,69.4%,24.6%,24/09/21,Abruzzo,ABR,30-39,0.01%
40-49 anni,185634,146183,128269,128297,4819,4800,8267,28,39451,78.7%,74.3%,21.3%,24/09/21,Abruzzo,ABR,40-49,0.02%
50-59 anni,204504,173058,152604,152660,7306,5678,7414,56,31446,84.6%,81.0%,15.4%,24/09/21,Abruzzo,ABR,50-59,0.03%
60-69 anni,168878,151549,137192,137291,5590,4567,4101,99,17329,89.7%,87.3%,10.3%,24/09/21,Abruzzo,ABR,60-69,0.06%
70-79 anni,131536,123287,116096,116177,2435,3000,1675,81,8249,93.7%,92.5%,6.3%,24/09/21,Abruzzo,ABR,70-79,0.06%
80-89 anni,84626,78780,75769,75791,175,1767,1047,22,5846,93.1%,91.9%,6.9%,24/09/21,Abruzzo,ABR,80-89,0.03%
oltre 90 anni,20394,19267,18206,18206,50,539,472,0,1127,94.5%,92.2%,5.5%,24/09/21,Abruzzo,ABR,90+,0.00%
0-9 anni,20523,0,0,0,0,0,0,0,20523,0.0%,0.0%,100.0%,24/09/21,Molise,MOL,0-11,0.00%
10-19 anni,25234,15393,12599,12601,18,300,2474,2,9841,61.0%,51.2%,39.0%,24/09/21,Molise,MOL,12-19,0.01%
20-29 anni,31281,24592,20237,20242,1096,620,2634,5,6689,78.6%,70.2%,21.4%,24/09/21,Molise,MOL,20-29,0.02%
30-39 anni,33973,25817,21136,21145,1090,776,2806,9,8156,76.0%,67.7%,24.0%,24/09/21,Molise,MOL,30-39,0.03%
40-49 anni,41036,34096,30279,30294,608,1033,2161,15,6940,83.1%,77.8%,16.9%,24/09/21,Molise,MOL,40-49,0.04%
50-59 anni,46916,42640,37438,37529,1134,1665,2312,91,4276,90.9%,86.0%,9.1%,24/09/21,Molise,MOL,50-59,0.19%
60-69 anni,40784,38001,34496,34664,1479,1227,631,168,2783,93.2%,91.6%,6.8%,24/09/21,Molise,MOL,60-69,0.41%
70-79 anni,30617,29112,27382,27636,538,739,199,254,1505,95.1%,94.4%,4.9%,24/09/21,Molise,MOL,70-79,0.83%
80-89 anni,20753,19736,18721,18742,27,521,446,21,1017,95.1%,93.0%,4.9%,24/09/21,Molise,MOL,80-89,0.10%
oltre 90 anni,5430,5448,4959,4962,3,247,236,3,-18,100.3%,96.0%,-0.3%,24/09/21,Molise,MOL,90+,0.06%
0-9 anni,498552,0,0,0,0,0,0,0,498552,0.0%,0.0%,100.0%,24/09/21,Campania,CAM,0-11,0.00%
10-19 anni,616169,330554,246050,246055,20759,8286,55454,5,285615,53.6%,44.6%,46.4%,24/09/21,Campania,CAM,12-19,0.00%
20-29 anni,685126,524953,435017,435047,23684,19198,47024,30,160173,76.6%,69.8%,23.4%,24/09/21,Campania,CAM,20-29,0.00%
30-39 anni,706752,525261,431897,431979,24236,19222,49824,82,181491,74.3%,67.3%,25.7%,24/09/21,Campania,CAM,30-39,0.01%
40-49 anni,819391,647543,560783,560950,17980,23919,44694,167,171848,79.0%,73.6%,21.0%,24/09/21,Campania,CAM,40-49,0.02%
50-59 anni,871123,739512,660078,660351,12326,34263,32572,273,131611,84.9%,81.2%,15.1%,24/09/21,Campania,CAM,50-59,0.03%
60-69 anni,681008,608981,545231,545625,13858,23911,25587,394,72027,89.4%,85.7%,10.6%,24/09/21,Campania,CAM,60-69,0.06%
70-79 anni,491191,449683,417617,417932,2532,14404,14815,315,41508,91.5%,88.5%,8.5%,24/09/21,Campania,CAM,70-79,0.06%
80-89 anni,258456,233584,221958,222094,96,5550,5844,136,24872,90.4%,88.1%,9.6%,24/09/21,Campania,CAM,80-89,0.05%
oltre 90 anni,51991,44762,41992,42011,6,847,1898,19,7229,86.1%,82.4%,13.9%,24/09/21,Campania,CAM,90+,0.04%
0-9 anni,307917,0,0,0,0,0,0,0,307917,0.0%,0.0%,100.0%,24/09/21,Puglia,PUG,0-11,0.00%
10-19 anni,389429,239778,192615,192633,903,6730,39512,18,149651,61.6%,51.4%,38.4%,24/09/21,Puglia,PUG,12-19,0.00%
20-29 anni,435687,346692,293458,293518,4664,12204,36306,60,88995,79.6%,71.2%,20.4%,24/09/21,Puglia,PUG,20-29,0.01%
30-39 anni,453251,359159,304705,304814,6493,13006,34846,109,94092,79.2%,71.6%,20.8%,24/09/21,Puglia,PUG,30-39,0.02%
40-49 anni,570896,480603,410670,410965,21693,17247,30698,295,90293,84.2%,78.8%,15.8%,24/09/21,Puglia,PUG,40-49,0.05%
50-59 anni,607181,545159,464899,465576,32876,21406,25301,677,62022,89.8%,85.6%,10.2%,24/09/21,Puglia,PUG,50-59,0.11%
60-69 anni,494337,466509,407849,408742,26466,16994,14307,893,27828,94.4%,91.5%,5.6%,24/09/21,Puglia,PUG,60-69,0.18%
70-79 anni,395276,382579,348194,349024,13589,10805,9161,830,12697,96.8%,94.5%,3.2%,24/09/21,Puglia,PUG,70-79,0.21%
80-89 anni,224826,219463,208871,209186,136,4566,5575,315,5363,97.6%,95.1%,2.4%,24/09/21,Puglia,PUG,80-89,0.14%
oltre 90 anni,48131,48795,45717,45745,5,1048,1997,28,-664,101.4%,97.2%,-1.4%,24/09/21,Puglia,PUG,90+,0.06%
0-9 anni,39386,0,0,0,0,0,0,0,39386,0.0%,0.0%,100.0%,24/09/21,Basilicata,BAS,0-11,0.00%
10-19 anni,50240,30257,22437,22437,1577,573,5670,0,19983,60.2%,48.9%,39.8%,24/09/21,Basilicata,BAS,12-19,0.00%
20-29 anni,59650,45174,38237,38241,839,1141,4953,4,14476,75.7%,67.4%,24.3%,24/09/21,Basilicata,BAS,20-29,0.01%
30-39 anni,64519,46736,39819,39827,573,1059,5277,8,17783,72.4%,64.3%,27.6%,24/09/21,Basilicata,BAS,30-39,0.01%
40-49 anni,76260,61233,52790,52810,2811,1408,4204,20,15027,80.3%,74.8%,19.7%,24/09/21,Basilicata,BAS,40-49,0.03%
50-59 anni,87305,75797,66894,66934,3002,1889,3972,40,11508,86.8%,82.3%,13.2%,24/09/21,Basilicata,BAS,50-59,0.05%
60-69 anni,73674,67960,61686,61741,2073,1287,2859,55,5714,92.2%,88.4%,7.8%,24/09/21,Basilicata,BAS,60-69,0.07%
70-79 anni,52557,49953,47632,47684,127,853,1289,52,2604,95.0%,92.6%,5.0%,24/09/21,Basilicata,BAS,70-79,0.10%
80-89 anni,35786,33321,32028,32032,5,475,809,4,2465,93.1%,90.9%,6.9%,24/09/21,Basilicata,BAS,80-89,0.01%
oltre 90 anni,8202,8131,7659,7659,0,132,340,0,71,99.1%,95.0%,0.9%,24/09/21,Basilicata,BAS,90+,0.00%
0-9 anni,154451,0,0,0,0,0,0,0,154451,0.0%,0.0%,100.0%,24/09/21,Calabria,CAL,0-11,0.00%
10-19 anni,181488,91637,72165,72165,585,1074,17813,0,89851,50.5%,40.7%,49.5%,24/09/21,Calabria,CAL,12-19,0.00%
20-29 anni,208920,149258,127126,127130,5434,2413,14281,4,59662,71.4%,64.6%,28.6%,24/09/21,Calabria,CAL,20-29,0.00%
30-39 anni,232935,156844,131731,131738,7003,2287,15816,7,76091,67.3%,60.5%,32.7%,24/09/21,Calabria,CAL,30-39,0.00%
40-49 anni,261369,193325,161494,161504,14784,2745,14292,10,68044,74.0%,68.5%,26.0%,24/09/21,Calabria,CAL,40-49,0.00%
50-59 anni,284757,225632,194870,194906,15156,3083,12487,36,59125,79.2%,74.9%,20.8%,24/09/21,Calabria,CAL,50-59,0.01%
60-69 anni,243667,208656,193364,193406,6733,2285,6232,42,35011,85.6%,83.1%,14.4%,24/09/21,Calabria,CAL,60-69,0.02%
70-79 anni,177666,157922,151425,151474,2177,1285,2986,49,19744,88.9%,87.2%,11.1%,24/09/21,Calabria,CAL,70-79,0.03%
80-89 anni,108240,92587,89558,89566,74,603,2344,8,15653,85.5%,83.4%,14.5%,24/09/21,Calabria,CAL,80-89,0.01%
oltre 90 anni,24235,20072,19028,19028,17,136,891,0,4163,82.8%,79.1%,17.2%,24/09/21,Calabria,CAL,90+,0.00%
0-9 anni,411065,0,0,0,0,0,0,0,411065,0.0%,0.0%,100.0%,24/09/21,Sicilia,SIC,0-11,0.00%
10-19 anni,491263,244342,184153,184155,9034,3994,47159,2,246921,49.7%,40.1%,50.3%,24/09/21,Sicilia,SIC,12-19,0.00%
20-29 anni,551159,392057,325210,325218,15746,8931,42162,8,159102,71.1%,63.5%,28.9%,24/09/21,Sicilia,SIC,20-29,0.00%
30-39 anni,581042,403480,333936,333950,14938,8514,46078,14,177562,69.4%,61.5%,30.6%,24/09/21,Sicilia,SIC,30-39,0.00%
40-49 anni,684564,510366,431683,431717,22512,10906,45231,34,174198,74.6%,67.9%,25.4%,24/09/21,Sicilia,SIC,40-49,0.00%
50-59 anni,732410,590491,514991,515075,21651,13528,40237,84,141919,80.6%,75.1%,19.4%,24/09/21,Sicilia,SIC,50-59,0.01%
60-69 anni,608346,517983,467995,468162,15251,10161,24409,167,90363,85.1%,81.1%,14.9%,24/09/21,Sicilia,SIC,60-69,0.03%
70-79 anni,460198,404304,377307,377444,4896,6041,15923,137,55894,87.9%,84.4%,12.1%,24/09/21,Sicilia,SIC,70-79,0.03%
80-89 anni,265138,231043,220197,220247,110,3382,7304,50,34095,87.1%,84.4%,12.9%,24/09/21,Sicilia,SIC,80-89,0.02%
oltre 90 anni,55691,48415,45171,45176,16,913,2310,5,7276,86.9%,82.8%,13.1%,24/09/21,Sicilia,SIC,90+,0.01%
0-9 anni,105570,0,0,0,0,0,0,0,105570,0.0%,0.0%,100.0%,24/09/21,Sardegna,SAR,0-11,0.00%
10-19 anni,134368,83087,65488,65490,3,1133,16461,2,51281,61.8%,49.6%,38.2%,24/09/21,Sardegna,SAR,12-19,0.00%
20-29 anni,149270,118580,103287,103290,92,2450,12748,3,30690,79.4%,70.9%,20.6%,24/09/21,Sardegna,SAR,20-29,0.00%
30-39 anni,180864,137736,118834,118839,273,2724,15900,5,43128,76.2%,67.4%,23.8%,24/09/21,Sardegna,SAR,30-39,0.00%
40-49 anni,244621,195535,174477,174491,507,4135,16402,14,49086,79.9%,73.2%,20.1%,24/09/21,Sardegna,SAR,40-49,0.01%
50-59 anni,266104,226764,205875,205914,818,4940,15092,39,39340,85.2%,79.5%,14.8%,24/09/21,Sardegna,SAR,50-59,0.01%
60-69 anni,225334,203477,177417,177453,13899,3781,8344,36,21857,90.3%,86.6%,9.7%,24/09/21,Sardegna,SAR,60-69,0.02%
70-79 anni,172099,159522,147837,147862,5856,2377,3427,25,12577,92.7%,90.7%,7.3%,24/09/21,Sardegna,SAR,70-79,0.01%
80-89 anni,97957,91899,87718,87734,161,1257,2747,16,6058,93.8%,91.0%,6.2%,24/09/21,Sardegna,SAR,80-89,0.02%
oltre 90 anni,22038,20527,19032,19034,47,408,1038,2,1511,93.1%,88.4%,6.9%,24/09/21,Sardegna,SAR,90+,0.01%
