Età,Popolazione,Prima,Due dosi,Seconda dose,Dose unica J&J,Dose guariti,Prima dose,Dose aggiuntiva,Popolazione non vaccinata,Almeno una dose,Completa,Non vaccinati,aggiornamento,Regione,area,fascia,Aggiuntiva
0-9 anni,4742049,0,0,0,0,0,0,0,4742049,0.0%,0.0%,100.0%,18/10/21,Italia,ITA,0-11,0.00%
10-19 anni,5673197,3283610,2869355,2870016,39948,100286,273360,661,2389587,57.9%,53.1%,42.1%,18/10/21,Italia,ITA,12-19,0.01%
20-29 anni,6041667,5219441,4466743,4477750,123329,193457,424905,11007,822226,86.4%,79.4%,13.6%,18/10/21,Italia,ITA,20-29,0.18%
30-39 anni,6747378,5558854,4740391,4758722,141698,200126,458308,18331,1188524,82.4%,75.6%,17.6%,18/10/21,Italia,ITA,30-39,0.27%
40-49 anni,8700035,7221044,6265771,6296850,200248,277625,446321,31079,1478991,83.0%,77.9%,17.0%,18/10/21,Italia,ITA,40-49,0.36%
50-59 anni,9466362,8326259,7188494,7242170,376507,341421,366161,53676,1140103,88.0%,84.1%,12.0%,18/10/21,Italia,ITA,50-59,0.57%
60-69 anni,7441208,6757092,5842363,5909214,440148,239481,168249,66851,684116,90.8%,88.5%,9.2%,18/10/21,Italia,ITA,60-69,0.90%
70-79 anni,5965244,5550143,5082621,5139930,151252,166258,92703,57309,415101,93.0%,91.5%,7.0%,18/10/21,Italia,ITA,70-79,0.96%
80-89 anni,3665286,3525633,3054289,3377875,10180,80228,57350,323586,139653,96.2%,94.6%,3.8%,18/10/21,Italia,ITA,80-89,8.83%
oltre 90 anni,815140,815191,695436,765390,3807,19945,26049,69954,-51,100.0%,96.8%,0.0%,18/10/21,Italia,ITA,90+,8.58%
TOTALE,59257566,46257267,40205463,40837917,1487117,1618827,2313406,632454,13000299,78.1%,74.2%,21.9%,18/10/21,TOTALE,ITA,TOTALE,1.07%
0-9 anni,827209,0,0,0,0,0,0,0,827209,0.0%,0.0%,100.0%,18/10/21,Lombardia,LOM,0-11,0.00%
10-19 anni,964465,608452,547918,547982,154,20535,39781,64,356013,63.1%,59.0%,36.9%,18/10/21,Lombardia,LOM,12-19,0.01%
20-29 anni,983209,935565,836453,837467,1704,37700,58694,1014,47644,95.2%,89.2%,4.8%,18/10/21,Lombardia,LOM,20-29,0.10%
30-39 anni,1145186,1020186,915332,917247,3369,39928,59642,1915,125000,89.1%,83.9%,10.9%,18/10/21,Lombardia,LOM,30-39,0.17%
40-49 anni,1504315,1299007,1173837,1177289,10479,54504,56735,3452,205308,86.4%,82.6%,13.6%,18/10/21,Lombardia,LOM,40-49,0.23%
50-59 anni,1609940,1467294,1189082,1195273,167334,62990,41697,6191,142646,91.1%,88.5%,8.9%,18/10/21,Lombardia,LOM,50-59,0.38%
60-69 anni,1201057,1110032,962461,968327,78529,46463,16713,5866,91025,92.4%,91.0%,7.6%,18/10/21,Lombardia,LOM,60-69,0.49%
70-79 anni,988111,928329,848509,853473,29869,33754,11233,4964,59782,93.9%,92.8%,6.1%,18/10/21,Lombardia,LOM,70-79,0.50%
80-89 anni,615067,606647,541233,587480,2121,12349,4697,46247,8420,98.6%,97.9%,1.4%,18/10/21,Lombardia,LOM,80-89,7.52%
oltre 90 anni,128433,134913,119839,129223,282,2158,3250,9384,-6480,105.0%,102.5%,-5.0%,18/10/21,Lombardia,LOM,90+,7.31%
0-9 anni,355686,0,0,0,0,0,0,0,355686,0.0%,0.0%,100.0%,18/10/21,Emilia-Romagna,EMR,0-11,0.00%
10-19 anni,411452,242154,211981,212043,1021,10721,18369,62,169298,58.9%,54.4%,41.1%,18/10/21,Emilia-Romagna,EMR,12-19,0.02%
20-29 anni,420475,386138,328971,329384,8913,16591,31250,413,34337,91.8%,84.4%,8.2%,18/10/21,Emilia-Romagna,EMR,20-29,0.10%
30-39 anni,495231,421894,359814,360670,8393,17254,35577,856,73337,85.2%,78.0%,14.8%,18/10/21,Emilia-Romagna,EMR,30-39,0.17%
40-49 anni,674865,560010,488088,490077,9546,25154,35233,1989,114855,83.0%,77.8%,17.0%,18/10/21,Emilia-Romagna,EMR,40-49,0.29%
50-59 anni,712475,630282,567515,570976,6721,28312,24273,3461,82193,88.5%,85.1%,11.5%,18/10/21,Emilia-Romagna,EMR,50-59,0.49%
60-69 anni,549321,499928,419476,423584,51183,16081,9080,4108,49393,91.0%,89.4%,9.0%,18/10/21,Emilia-Romagna,EMR,60-69,0.75%
70-79 anni,454505,424568,386720,391085,16978,11307,5198,4365,29937,93.4%,92.3%,6.6%,18/10/21,Emilia-Romagna,EMR,70-79,0.96%
80-89 anni,299028,293416,258464,281187,1127,7181,3921,22723,5612,98.1%,96.8%,1.9%,18/10/21,Emilia-Romagna,EMR,80-89,7.60%
oltre 90 anni,72511,76127,64936,71491,621,1896,2119,6555,-3616,105.0%,102.1%,-5.0%,18/10/21,Emilia-Romagna,EMR,90+,9.04%
0-9 anni,385892,0,0,0,0,0,0,0,385892,0.0%,0.0%,100.0%,18/10/21,Veneto,VEN,0-11,0.00%
10-19 anni,466296,257306,226238,226312,121,8236,22637,74,208990,55.2%,50.3%,44.8%,18/10/21,Veneto,VEN,12-19,0.02%
20-29 anni,481339,417291,358863,360279,661,16435,39916,1416,64048,86.7%,78.4%,13.3%,18/10/21,Veneto,VEN,20-29,0.29%
30-39 anni,524439,426738,363917,365940,903,15794,44101,2023,97701,81.4%,73.0%,18.6%,18/10/21,Veneto,VEN,30-39,0.39%
40-49 anni,717331,577021,504630,508101,1918,26549,40453,3471,140310,80.4%,74.8%,19.6%,18/10/21,Veneto,VEN,40-49,0.48%
50-59 anni,806474,692274,611789,617671,4110,37613,32880,5882,114200,85.8%,81.8%,14.2%,18/10/21,Veneto,VEN,50-59,0.73%
60-69 anni,610635,549807,456838,463328,48846,26903,10730,6490,60828,90.0%,88.3%,10.0%,18/10/21,Veneto,VEN,60-69,1.06%
70-79 anni,494721,461562,411377,417070,17799,20213,6480,5693,33159,93.3%,92.0%,6.7%,18/10/21,Veneto,VEN,70-79,1.15%
80-89 anni,298205,296284,261920,280216,1214,10209,4645,18296,1921,99.4%,97.8%,0.6%,18/10/21,Veneto,VEN,80-89,6.14%
oltre 90 anni,67121,69983,60456,64510,298,3002,2173,4054,-2862,104.3%,101.0%,-4.3%,18/10/21,Veneto,VEN,90+,6.04%
0-9 anni,322117,0,0,0,0,0,0,0,322117,0.0%,0.0%,100.0%,18/10/21,Piemonte,PIE,0-11,0.00%
10-19 anni,383188,213049,182422,182549,313,6859,23328,127,170139,55.6%,49.5%,44.4%,18/10/21,Piemonte,PIE,12-19,0.03%
20-29 anni,404501,358783,303273,304277,2555,13525,38426,1004,45718,88.7%,79.2%,11.3%,18/10/21,Piemonte,PIE,20-29,0.25%
30-39 anni,453297,370536,305490,307306,6961,14699,41570,1816,82761,81.7%,72.6%,18.3%,18/10/21,Piemonte,PIE,30-39,0.40%
40-49 anni,612180,492574,417392,421440,4876,21026,45232,4048,119606,80.5%,73.1%,19.5%,18/10/21,Piemonte,PIE,40-49,0.66%
50-59 anni,692135,595942,513621,521820,8390,26368,39364,8199,96193,86.1%,80.4%,13.9%,18/10/21,Piemonte,PIE,50-59,1.18%
60-69 anni,559966,493167,409214,420576,34876,20386,17329,11362,66799,88.1%,85.0%,11.9%,18/10/21,Piemonte,PIE,60-69,2.03%
70-79 anni,473035,434702,385747,398333,10120,16219,10030,12586,38333,91.9%,89.8%,8.1%,18/10/21,Piemonte,PIE,70-79,2.66%
80-89 anni,307031,298170,215580,281899,2364,8029,5878,66319,8861,97.1%,95.2%,2.9%,18/10/21,Piemonte,PIE,80-89,21.60%
oltre 90 anni,65760,68078,46694,61901,1900,2042,2235,15207,-2318,103.5%,100.1%,-3.5%,18/10/21,Piemonte,PIE,90+,23.13%
0-9 anni,87116,0,0,0,0,0,0,0,87116,0.0%,0.0%,100.0%,18/10/21,Friuli VG,FVG,0-11,0.00%
10-19 anni,105798,56613,49127,49130,9,2080,5394,3,49185,53.5%,48.4%,46.5%,18/10/21,Friuli VG,FVG,12-19,0.00%
20-29 anni,109577,99125,84591,84654,198,4753,9520,63,10452,90.5%,81.8%,9.5%,18/10/21,Friuli VG,FVG,20-29,0.06%
30-39 anni,123868,100780,85036,85113,269,4915,10483,77,23088,81.4%,72.9%,18.6%,18/10/21,Friuli VG,FVG,30-39,0.06%
40-49 anni,172496,134470,115315,115515,525,7694,10736,200,38026,78.0%,71.7%,22.0%,18/10/21,Friuli VG,FVG,40-49,0.12%
50-59 anni,197534,163247,142335,142657,561,10126,9903,322,34287,82.6%,77.6%,17.4%,18/10/21,Friuli VG,FVG,50-59,0.16%
60-69 anni,156447,133642,106110,106580,16454,6298,4310,470,22805,85.4%,82.7%,14.6%,18/10/21,Friuli VG,FVG,60-69,0.30%
70-79 anni,140238,123639,109805,110247,5958,5008,2426,442,16599,88.2%,86.4%,11.8%,18/10/21,Friuli VG,FVG,70-79,0.32%
80-89 anni,85322,82082,74637,79485,61,889,1647,4848,3240,96.2%,94.3%,3.8%,18/10/21,Friuli VG,FVG,80-89,5.68%
oltre 90 anni,20357,19820,18394,19029,3,179,609,635,537,97.4%,94.4%,2.6%,18/10/21,Friuli VG,FVG,90+,3.12%
0-9 anni,9667,0,0,0,0,0,0,0,9667,0.0%,0.0%,100.0%,18/10/21,Valle d'Aosta,VDA,0-11,0.00%
10-19 anni,11812,6074,5188,5188,175,164,547,0,5738,51.4%,46.8%,48.6%,18/10/21,Valle d'Aosta,VDA,12-19,0.00%
20-29 anni,11940,9611,8225,8225,140,363,883,0,2329,80.5%,73.1%,19.5%,18/10/21,Valle d'Aosta,VDA,20-29,0.00%
30-39 anni,13010,9878,8401,8402,52,420,1004,1,3132,75.9%,68.2%,24.1%,18/10/21,Valle d'Aosta,VDA,30-39,0.01%
40-49 anni,17884,13386,11757,11761,66,621,938,4,4498,74.8%,69.6%,25.2%,18/10/21,Valle d'Aosta,VDA,40-49,0.02%
50-59 anni,20922,17257,15512,15517,44,803,893,5,3665,82.5%,78.2%,17.5%,18/10/21,Valle d'Aosta,VDA,50-59,0.02%
60-69 anni,16123,13726,12228,12238,455,649,384,10,2397,85.1%,82.8%,14.9%,18/10/21,Valle d'Aosta,VDA,60-69,0.06%
70-79 anni,12953,11708,10924,10940,80,565,123,16,1245,90.4%,89.4%,9.6%,18/10/21,Valle d'Aosta,VDA,70-79,0.12%
80-89 anni,7803,7455,6995,7010,2,309,134,15,348,95.5%,93.8%,4.5%,18/10/21,Valle d'Aosta,VDA,80-89,0.19%
oltre 90 anni,1781,1781,1651,1657,0,77,47,6,0,100.0%,97.4%,0.0%,18/10/21,Valle d'Aosta,VDA,90+,0.34%
0-9 anni,101299,0,0,0,0,0,0,0,101299,0.0%,0.0%,100.0%,18/10/21,Liguria,LIG,0-11,0.00%
10-19 anni,126067,65938,57482,57484,1982,1278,5194,2,60129,52.3%,48.2%,47.7%,18/10/21,Liguria,LIG,12-19,0.00%
20-29 anni,136820,118021,94338,94402,10893,2511,10215,64,18799,86.3%,78.8%,13.7%,18/10/21,Liguria,LIG,20-29,0.05%
30-39 anni,147115,119581,98122,98293,7372,2551,11365,171,27534,81.3%,73.6%,18.7%,18/10/21,Liguria,LIG,30-39,0.12%
40-49 anni,203007,160935,142788,143041,2604,3748,11542,253,42072,79.3%,73.6%,20.7%,18/10/21,Liguria,LIG,40-49,0.12%
50-59 anni,253220,213456,195906,196385,940,4850,11281,479,39764,84.3%,79.8%,15.7%,18/10/21,Liguria,LIG,50-59,0.19%
60-69 anni,203505,177738,161784,162354,6373,3322,5689,570,25767,87.3%,84.5%,12.7%,18/10/21,Liguria,LIG,60-69,0.28%
70-79 anni,182496,163621,155827,156364,2144,2188,2925,537,18875,89.7%,88.1%,10.3%,18/10/21,Liguria,LIG,70-79,0.29%
80-89 anni,125677,119694,107494,115890,141,1286,2377,8396,5983,95.2%,93.3%,4.8%,18/10/21,Liguria,LIG,80-89,6.68%
oltre 90 anni,30599,30392,26656,28755,163,311,1163,2099,207,99.3%,95.5%,0.7%,18/10/21,Liguria,LIG,90+,6.86%
0-9 anni,47826,0,0,0,0,0,0,0,47826,0.0%,0.0%,100.0%,18/10/21,Trento,PAT,0-11,0.00%
10-19 anni,55756,30961,26479,26482,8,1046,3425,3,24795,55.5%,49.4%,44.5%,18/10/21,Trento,PAT,12-19,0.01%
20-29 anni,58234,54034,44158,44202,29,2663,7140,44,4200,92.8%,80.5%,7.2%,18/10/21,Trento,PAT,20-29,0.08%
30-39 anni,61070,51309,41753,41820,42,2752,6695,67,9761,84.0%,73.1%,16.0%,18/10/21,Trento,PAT,30-39,0.11%
40-49 anni,76322,62488,51339,51472,1100,3791,6125,133,13834,81.9%,73.8%,18.1%,18/10/21,Trento,PAT,40-49,0.17%
50-59 anni,86000,74458,62898,63135,541,6118,4664,237,11542,86.6%,81.2%,13.4%,18/10/21,Trento,PAT,50-59,0.28%
60-69 anni,67987,61407,52946,53248,1801,4366,1992,302,6580,90.3%,87.4%,9.7%,18/10/21,Trento,PAT,60-69,0.44%
70-79 anni,52872,49609,44802,45044,519,3039,1007,242,3263,93.8%,91.9%,6.2%,18/10/21,Trento,PAT,70-79,0.46%
80-89 anni,30673,30417,23611,28210,32,1585,590,4599,256,99.2%,97.2%,0.8%,18/10/21,Trento,PAT,80-89,14.99%
oltre 90 anni,8005,8256,6600,7582,7,409,258,982,-251,103.1%,99.9%,-3.1%,18/10/21,Trento,PAT,90+,12.27%
0-9 anni,54481,0,0,0,0,0,0,0,54481,0.0%,0.0%,100.0%,18/10/21,Bolzano,PAB,0-11,0.00%
10-19 anni,57132,25478,20093,20107,284,1082,4005,14,31654,44.6%,37.6%,55.4%,18/10/21,Bolzano,PAB,12-19,0.02%
20-29 anni,61426,47404,37552,37643,2231,2412,5118,91,14022,77.2%,68.8%,22.8%,18/10/21,Bolzano,PAB,20-29,0.15%
30-39 anni,62922,48131,37851,38008,2773,2483,4867,157,14791,76.5%,68.8%,23.5%,18/10/21,Bolzano,PAB,30-39,0.25%
40-49 anni,74006,58261,48071,48422,1927,3580,4332,351,15745,78.7%,72.9%,21.3%,18/10/21,Bolzano,PAB,40-49,0.47%
50-59 anni,84510,69527,58543,59237,1282,4863,4145,694,14983,82.3%,77.4%,17.7%,18/10/21,Bolzano,PAB,50-59,0.82%
60-69 anni,58814,51089,43375,44237,2221,3238,1393,862,7725,86.9%,84.5%,13.1%,18/10/21,Bolzano,PAB,60-69,1.47%
70-79 anni,46424,40710,35505,36388,1351,2194,777,883,5714,87.7%,86.0%,12.3%,18/10/21,Bolzano,PAB,70-79,1.90%
80-89 anni,27677,26100,21523,23856,515,1125,604,2333,1577,94.3%,92.1%,5.7%,18/10/21,Bolzano,PAB,80-89,8.43%
oltre 90 anni,6323,5955,4847,5221,97,368,269,374,368,94.2%,89.9%,5.8%,18/10/21,Bolzano,PAB,90+,5.91%
0-9 anni,114169,0,0,0,0,0,0,0,114169,0.0%,0.0%,100.0%,18/10/21,Marche,MAR,0-11,0.00%
10-19 anni,137741,71468,63227,63235,28,2704,5501,8,66273,51.9%,47.9%,48.1%,18/10/21,Marche,MAR,12-19,0.01%
20-29 anni,145997,121973,106977,107067,358,5589,8959,90,24024,83.5%,77.4%,16.5%,18/10/21,Marche,MAR,20-29,0.06%
30-39 anni,163324,127899,111177,111390,492,5515,10502,213,35425,78.3%,71.9%,21.7%,18/10/21,Marche,MAR,30-39,0.13%
40-49 anni,218851,173693,154288,154716,1136,7728,10113,428,45158,79.4%,74.7%,20.6%,18/10/21,Marche,MAR,40-49,0.20%
50-59 anni,236599,200461,180433,181307,1899,9110,8145,874,36138,84.7%,81.3%,15.3%,18/10/21,Marche,MAR,50-59,0.37%
60-69 anni,194699,172646,145469,146870,17364,6117,2295,1401,22053,88.7%,87.5%,11.3%,18/10/21,Marche,MAR,60-69,0.72%
70-79 anni,156000,145688,133020,134362,6640,4118,568,1342,10312,93.4%,93.0%,6.6%,18/10/21,Marche,MAR,70-79,0.86%
80-89 anni,108153,102793,91155,98366,593,2537,1297,7211,5360,95.0%,93.8%,5.0%,18/10/21,Marche,MAR,80-89,6.67%
oltre 90 anni,25873,26013,23222,24343,117,870,683,1121,-140,100.5%,97.9%,-0.5%,18/10/21,Marche,MAR,90+,4.33%
0-9 anni,273053,0,0,0,0,0,0,0,273053,0.0%,0.0%,100.0%,18/10/21,Toscana,TOS,0-11,0.00%
10-19 anni,330958,203784,176552,176649,25,7057,20053,97,127174,61.6%,55.5%,38.4%,18/10/21,Toscana,TOS,12-19,0.03%
20-29 anni,338693,310649,267618,270440,406,11752,28051,2822,28044,91.7%,83.4%,8.3%,18/10/21,Toscana,TOS,20-29,0.83%
30-39 anni,395198,345226,296989,300774,510,12058,31884,3785,49972,87.4%,79.3%,12.6%,18/10/21,Toscana,TOS,30-39,0.96%
40-49 anni,540242,465503,409534,414861,730,16729,33183,5327,74739,86.2%,80.0%,13.8%,18/10/21,Toscana,TOS,40-49,0.99%
50-59 anni,590377,533156,476950,485315,1148,19474,27219,8365,57221,90.3%,85.7%,9.7%,18/10/21,Toscana,TOS,50-59,1.42%
60-69 anni,467270,427803,341058,349349,56715,11064,10675,8291,39467,91.6%,89.3%,8.4%,18/10/21,Toscana,TOS,60-69,1.77%
70-79 anni,406475,380737,339845,346315,19393,9821,5208,6470,25738,93.7%,92.4%,6.3%,18/10/21,Toscana,TOS,70-79,1.59%
80-89 anni,263150,260963,240758,249762,873,7526,2802,9004,2187,99.2%,98.1%,0.8%,18/10/21,Toscana,TOS,80-89,3.42%
oltre 90 anni,62917,66160,56090,62398,46,2024,1692,6308,-3243,105.2%,102.5%,-5.2%,18/10/21,Toscana,TOS,90+,10.03%
0-9 anni,463919,0,0,0,0,0,0,0,463919,0.0%,0.0%,100.0%,18/10/21,Lazio,LAZ,0-11,0.00%
10-19 anni,540535,304935,272553,272600,2822,7927,21586,47,235600,56.4%,52.4%,43.6%,18/10/21,Lazio,LAZ,12-19,0.01%
20-29 anni,558855,494951,403457,403965,41736,15645,33605,508,63904,88.6%,82.6%,11.4%,18/10/21,Lazio,LAZ,20-29,0.09%
30-39 anni,665641,564288,459743,460903,53138,17183,33064,1160,101353,84.8%,79.8%,15.2%,18/10/21,Lazio,LAZ,30-39,0.17%
40-49 anni,879906,751245,608513,610757,79221,24234,37033,2244,128661,85.4%,81.2%,14.6%,18/10/21,Lazio,LAZ,40-49,0.26%
50-59 anni,940470,848748,696936,700786,88969,28134,30859,3850,91722,90.2%,87.0%,9.8%,18/10/21,Lazio,LAZ,50-59,0.41%
60-69 anni,707706,661696,599582,604205,22077,20019,15395,4623,46010,93.5%,91.3%,6.5%,18/10/21,Lazio,LAZ,60-69,0.65%
70-79 anni,551477,523108,492880,497016,5732,12211,8149,4136,28369,94.9%,93.4%,5.1%,18/10/21,Lazio,LAZ,70-79,0.75%
80-89 anni,338530,332621,274029,319866,297,6132,6326,45837,5909,98.3%,96.4%,1.7%,18/10/21,Lazio,LAZ,80-89,13.54%
oltre 90 anni,73757,74280,60894,69814,116,1721,2629,8920,-523,100.7%,97.1%,-0.7%,18/10/21,Lazio,LAZ,90+,12.09%
0-9 anni,64317,0,0,0,0,0,0,0,64317,0.0%,0.0%,100.0%,18/10/21,Umbria,UMB,0-11,0.00%
10-19 anni,78462,44703,38637,38652,15,1089,4947,15,33759,57.0%,50.7%,43.0%,18/10/21,Umbria,UMB,12-19,0.02%
20-29 anni,81178,66922,58304,58416,302,2182,6022,112,14256,82.4%,75.0%,17.6%,18/10/21,Umbria,UMB,20-29,0.14%
30-39 anni,95565,76473,66820,67048,190,2699,6536,228,19092,80.0%,73.2%,20.0%,18/10/21,Umbria,UMB,30-39,0.24%
40-49 anni,124859,104048,92486,92975,103,4025,6945,489,20811,83.3%,77.8%,16.7%,18/10/21,Umbria,UMB,40-49,0.39%
50-59 anni,135406,119109,108355,109370,82,4196,5461,1015,16297,88.0%,83.9%,12.0%,18/10/21,Umbria,UMB,50-59,0.75%
60-69 anni,111650,102485,78843,80257,17684,2349,2195,1414,9165,91.8%,89.8%,8.2%,18/10/21,Umbria,UMB,60-69,1.27%
70-79 anni,94797,90519,82883,84614,2453,1909,1543,1731,4278,95.5%,93.9%,4.5%,18/10/21,Umbria,UMB,70-79,1.83%
80-89 anni,63188,62635,47213,60314,41,1560,720,13101,553,99.1%,98.0%,0.9%,18/10/21,Umbria,UMB,80-89,20.73%
oltre 90 anni,15591,16637,13889,15753,10,423,451,1864,-1046,106.7%,103.8%,-6.7%,18/10/21,Umbria,UMB,90+,11.96%
0-9 anni,97834,0,0,0,0,0,0,0,97834,0.0%,0.0%,100.0%,18/10/21,Abruzzo,ABR,0-11,0.00%
10-19 anni,115344,68248,60003,60011,94,1828,6315,8,47096,59.2%,53.7%,40.8%,18/10/21,Abruzzo,ABR,12-19,0.01%
20-29 anni,128330,110564,97004,97132,1352,3787,8293,128,17766,86.2%,79.7%,13.8%,18/10/21,Abruzzo,ABR,20-29,0.10%
30-39 anni,148176,118169,101980,102203,2261,3997,9708,223,30007,79.7%,73.2%,20.3%,18/10/21,Abruzzo,ABR,30-39,0.15%
40-49 anni,185634,152470,132577,132950,4858,5354,9308,373,33164,82.1%,77.1%,17.9%,18/10/21,Abruzzo,ABR,40-49,0.20%
50-59 anni,204504,178070,155754,156432,7345,6263,8030,678,26434,87.1%,83.1%,12.9%,18/10/21,Abruzzo,ABR,50-59,0.33%
60-69 anni,168878,153408,138387,139162,5682,4874,3690,775,15470,90.8%,88.7%,9.2%,18/10/21,Abruzzo,ABR,60-69,0.46%
70-79 anni,131536,123961,116237,116942,2468,3171,1380,705,7575,94.2%,93.2%,5.8%,18/10/21,Abruzzo,ABR,70-79,0.54%
80-89 anni,84626,79069,69450,76237,189,1834,809,6787,5557,93.4%,92.5%,6.6%,18/10/21,Abruzzo,ABR,80-89,8.02%
oltre 90 anni,20394,19361,16490,18387,53,558,363,1897,1033,94.9%,93.2%,5.1%,18/10/21,Abruzzo,ABR,90+,9.30%
0-9 anni,20523,0,0,0,0,0,0,0,20523,0.0%,0.0%,100.0%,18/10/21,Molise,MOL,0-11,0.00%
10-19 anni,25234,15933,14159,14167,18,336,1412,8,9301,63.1%,57.5%,36.9%,18/10/21,Molise,MOL,12-19,0.03%
20-29 anni,31281,25397,21329,21376,1099,687,2235,47,5884,81.2%,74.0%,18.8%,18/10/21,Molise,MOL,20-29,0.15%
30-39 anni,33973,26842,22241,22299,1099,846,2598,58,7131,79.0%,71.4%,21.0%,18/10/21,Molise,MOL,30-39,0.17%
40-49 anni,41036,35142,31130,31269,614,1122,2137,139,5894,85.6%,80.4%,14.4%,18/10/21,Molise,MOL,40-49,0.34%
50-59 anni,46916,43414,37916,38242,1141,1773,2258,326,3502,92.5%,87.7%,7.5%,18/10/21,Molise,MOL,50-59,0.69%
60-69 anni,40784,38403,34457,35038,1482,1306,577,581,2381,94.2%,92.7%,5.8%,18/10/21,Molise,MOL,60-69,1.42%
70-79 anni,30617,29296,27268,27833,540,772,151,565,1321,95.7%,95.2%,4.3%,18/10/21,Molise,MOL,70-79,1.85%
80-89 anni,20753,19842,10244,18902,27,508,405,8658,911,95.6%,93.7%,4.4%,18/10/21,Molise,MOL,80-89,41.72%
oltre 90 anni,5430,5470,3440,5015,3,244,208,1575,-40,100.7%,96.9%,-0.7%,18/10/21,Molise,MOL,90+,29.01%
0-9 anni,498552,0,0,0,0,0,0,0,498552,0.0%,0.0%,100.0%,18/10/21,Campania,CAM,0-11,0.00%
10-19 anni,616169,346484,286657,286712,20761,10000,29011,55,269685,56.2%,51.5%,43.8%,18/10/21,Campania,CAM,12-19,0.01%
20-29 anni,685126,554804,460122,461936,23780,22734,46354,1814,130322,81.0%,74.2%,19.0%,18/10/21,Campania,CAM,20-29,0.26%
30-39 anni,706752,559232,459941,463242,24368,22971,48651,3301,147520,79.1%,72.2%,20.9%,18/10/21,Campania,CAM,30-39,0.47%
40-49 anni,819391,676039,583161,587482,18045,27809,42703,4321,143352,82.5%,77.3%,17.5%,18/10/21,Campania,CAM,40-49,0.53%
50-59 anni,871123,761731,672819,679357,12354,38067,31953,6538,109392,87.4%,83.8%,12.6%,18/10/21,Campania,CAM,50-59,0.75%
60-69 anni,681008,619372,546616,557053,13868,26706,21745,10437,61636,90.9%,87.8%,9.1%,18/10/21,Campania,CAM,60-69,1.53%
70-79 anni,491191,453265,417768,422948,2534,15965,11818,5180,37926,92.3%,89.9%,7.7%,18/10/21,Campania,CAM,70-79,1.05%
80-89 anni,258456,234812,182195,223785,96,6084,4847,41590,23644,90.9%,89.0%,9.1%,18/10/21,Campania,CAM,80-89,16.09%
oltre 90 anni,51991,45018,36720,42336,6,928,1748,5616,6973,86.6%,83.2%,13.4%,18/10/21,Campania,CAM,90+,10.80%
0-9 anni,307917,0,0,0,0,0,0,0,307917,0.0%,0.0%,100.0%,18/10/21,Puglia,PUG,0-11,0.00%
10-19 anni,389429,247896,220727,220772,907,7897,18320,45,141533,63.7%,59.0%,36.3%,18/10/21,Puglia,PUG,12-19,0.01%
20-29 anni,435687,361348,313340,314037,4720,14578,28013,697,74339,82.9%,76.5%,17.1%,18/10/21,Puglia,PUG,20-29,0.16%
30-39 anni,453251,375792,323537,324629,6547,15158,29458,1092,77459,82.9%,76.4%,17.1%,18/10/21,Puglia,PUG,30-39,0.24%
40-49 anni,570896,495286,425338,427243,21752,19928,26363,1905,75610,86.8%,82.1%,13.2%,18/10/21,Puglia,PUG,40-49,0.33%
50-59 anni,607181,556358,473667,476839,32912,24056,22551,3172,50823,91.6%,87.9%,8.4%,18/10/21,Puglia,PUG,50-59,0.52%
60-69 anni,494337,471158,410440,414127,26491,18714,11826,3687,23179,95.3%,92.9%,4.7%,18/10/21,Puglia,PUG,60-69,0.75%
70-79 anni,395276,384490,348266,351572,13596,11673,7649,3306,10786,97.3%,95.3%,2.7%,18/10/21,Puglia,PUG,70-79,0.84%
80-89 anni,224826,220085,204465,210242,136,4862,4845,5777,4741,97.9%,95.7%,2.1%,18/10/21,Puglia,PUG,80-89,2.57%
oltre 90 anni,48131,48930,44761,45960,5,1064,1901,1199,-799,101.7%,97.7%,-1.7%,18/10/21,Puglia,PUG,90+,2.49%
0-9 anni,39386,0,0,0,0,0,0,0,39386,0.0%,0.0%,100.0%,18/10/21,Basilicata,BAS,0-11,0.00%
10-19 anni,50240,31492,26819,26823,1577,768,2324,4,18748,62.7%,58.1%,37.3%,18/10/21,Basilicata,BAS,12-19,0.01%
20-29 anni,59650,47129,41553,41577,861,1467,3224,24,12521,79.0%,73.6%,21.0%,18/10/21,Basilicata,BAS,20-29,0.04%
30-39 anni,64519,49305,43696,43744,597,1376,3588,48,15214,76.4%,70.9%,23.6%,18/10/21,Basilicata,BAS,30-39,0.07%
40-49 anni,76260,63443,55654,55737,2846,1766,3094,83,12817,83.2%,79.1%,16.8%,18/10/21,Basilicata,BAS,40-49,0.11%
50-59 anni,87305,77796,69240,69362,3017,2293,3124,122,9509,89.1%,85.5%,10.9%,18/10/21,Basilicata,BAS,50-59,0.14%
60-69 anni,73674,68956,62982,63251,2095,1565,2045,269,4718,93.6%,90.8%,6.4%,18/10/21,Basilicata,BAS,60-69,0.37%
70-79 anni,52557,50313,48106,48262,134,978,939,156,2244,95.7%,93.9%,4.3%,18/10/21,Basilicata,BAS,70-79,0.30%
80-89 anni,35786,33451,30787,32236,5,518,692,1449,2335,93.5%,91.5%,6.5%,18/10/21,Basilicata,BAS,80-89,4.05%
oltre 90 anni,8202,8160,7490,7700,0,144,316,210,42,99.5%,95.6%,0.5%,18/10/21,Basilicata,BAS,90+,2.56%
0-9 anni,154451,0,0,0,0,0,0,0,154451,0.0%,0.0%,100.0%,18/10/21,Calabria,CAL,0-11,0.00%
10-19 anni,181488,96653,85719,85721,588,1553,8791,2,84835,53.3%,48.4%,46.7%,18/10/21,Calabria,CAL,12-19,0.00%
20-29 anni,208920,158050,136991,137083,5454,3223,12290,92,50870,75.7%,69.8%,24.3%,18/10/21,Calabria,CAL,20-29,0.04%
30-39 anni,232935,167707,143008,143155,7052,3073,14427,147,65228,72.0%,65.8%,28.0%,18/10/21,Calabria,CAL,30-39,0.06%
40-49 anni,261369,203276,171855,172098,14822,3648,12708,243,58093,77.8%,72.9%,22.2%,18/10/21,Calabria,CAL,40-49,0.09%
50-59 anni,284757,234195,203226,203711,15203,3991,11290,485,50562,82.2%,78.3%,17.8%,18/10/21,Calabria,CAL,50-59,0.17%
60-69 anni,243667,213023,197532,198322,6777,2825,5099,790,30644,87.4%,85.3%,12.6%,18/10/21,Calabria,CAL,60-69,0.32%
70-79 anni,177666,159554,153065,153709,2184,1539,2122,644,18112,89.8%,88.6%,10.2%,18/10/21,Calabria,CAL,70-79,0.36%
80-89 anni,108240,93212,88720,90502,75,671,1964,1782,15028,86.1%,84.3%,13.9%,18/10/21,Calabria,CAL,80-89,1.65%
oltre 90 anni,24235,20178,18825,19179,17,134,848,354,4057,83.3%,79.8%,16.7%,18/10/21,Calabria,CAL,90+,1.46%
0-9 anni,411065,0,0,0,0,0,0,0,411065,0.0%,0.0%,100.0%,18/10/21,Sicilia,SIC,0-11,0.00%
10-19 anni,491263,259767,219447,219466,9043,5635,25623,19,231496,52.9%,47.7%,47.1%,18/10/21,Sicilia,SIC,12-19,0.00%
20-29 anni,551159,418523,351929,352363,15841,11688,38631,434,132636,75.9%,68.9%,24.1%,18/10/21,Sicilia,SIC,20-29,0.08%
30-39 anni,581042,434749,365891,366563,15022,11010,42154,672,146293,74.8%,67.6%,25.2%,18/10/21,Sicilia,SIC,30-39,0.12%
40-49 anni,684564,540111,462808,463841,22553,13678,40039,1033,144453,78.9%,73.0%,21.1%,18/10/21,Sicilia,SIC,40-49,0.15%
50-59 anni,732410,616603,541086,542845,21678,16384,35696,1759,115807,84.2%,79.3%,15.8%,18/10/21,Sicilia,SIC,50-59,0.24%
60-69 anni,608346,531290,481405,484611,15253,11932,19494,3206,77056,87.3%,84.1%,12.7%,18/10/21,Sicilia,SIC,60-69,0.53%
70-79 anni,460198,409966,384606,386899,4896,6989,11182,2293,50232,89.1%,86.7%,10.9%,18/10/21,Sicilia,SIC,70-79,0.50%
80-89 anni,265138,233432,216734,223551,110,3675,6096,6817,31706,88.0%,85.7%,12.0%,18/10/21,Sicilia,SIC,80-89,2.57%
oltre 90 anni,55691,48979,44721,45819,16,968,2176,1098,6712,87.9%,84.0%,12.1%,18/10/21,Sicilia,SIC,90+,1.97%
0-9 anni,105570,0,0,0,0,0,0,0,105570,0.0%,0.0%,100.0%,18/10/21,Sardegna,SAR,0-11,0.00%
10-19 anni,134368,86222,77927,77931,3,1491,6797,4,48146,64.2%,59.1%,35.8%,18/10/21,Sardegna,SAR,12-19,0.00%
20-29 anni,149270,123159,111695,111825,96,3172,8066,130,26111,82.5%,77.1%,17.5%,18/10/21,Sardegna,SAR,20-29,0.09%
30-39 anni,180864,144139,129652,129973,288,3444,10434,321,36725,79.7%,73.9%,20.3%,18/10/21,Sardegna,SAR,30-39,0.18%
40-49 anni,244621,202636,185210,185803,527,4937,11369,593,41985,82.8%,78.2%,17.2%,18/10/21,Sardegna,SAR,40-49,0.24%
50-59 anni,266104,232881,214911,215933,836,5637,10475,1022,33223,87.5%,83.6%,12.5%,18/10/21,Sardegna,SAR,50-59,0.38%
60-69 anni,225334,206316,181160,182497,13922,4304,5593,1337,19018,91.6%,89.1%,8.4%,18/10/21,Sardegna,SAR,60-69,0.59%
70-79 anni,172099,160798,149461,150514,5864,2625,1795,1053,11301,93.4%,92.4%,6.6%,18/10/21,Sardegna,SAR,70-79,0.61%
80-89 anni,97957,92453,87082,88879,161,1359,2054,1797,5504,94.4%,92.3%,5.6%,18/10/21,Sardegna,SAR,80-89,1.83%
oltre 90 anni,22038,20700,18821,19317,47,425,911,496,1338,93.9%,89.8%,6.1%,18/10/21,Sardegna,SAR,90+,2.25%
