Età,Popolazione,Prima,Due dosi,Seconda dose,Dose unica J&J,Dose guariti,Prima dose,Dose aggiuntiva/booster,Popolazione non vaccinata,Almeno una dose,Completa,Non vaccinati,aggiornamento,Regione,area,fascia,Aggiuntiva/booster
0-9 anni,4742049,0,0,0,0,0,0,0,4742049,0.0%,0.0%,100.0%,10/11/21,Italia,ITA,0-11,0.00%
10-19 anni,5673197,3374881,3008286,3010073,40041,107493,217274,1787,2298316,59.5%,55.7%,40.5%,10/11/21,Italia,ITA,12-19,0.03%
20-29 anni,6041667,5313303,4647334,4709704,124470,202016,277113,62370,728364,87.9%,83.4%,12.1%,10/11/21,Italia,ITA,20-29,1.03%
30-39 anni,6747378,5666799,4938993,5035091,143007,208537,280164,96098,1080579,84.0%,79.8%,16.0%,10/11/21,Italia,ITA,30-39,1.42%
40-49 anni,8700035,7316533,6416831,6554079,201205,288026,273223,137248,1383502,84.1%,81.0%,15.9%,10/11/21,Italia,ITA,40-49,1.58%
50-59 anni,9466362,8404167,7232245,7447808,377192,349398,229769,215563,1062195,88.8%,86.4%,11.2%,10/11/21,Italia,ITA,50-59,2.28%
60-69 anni,7441208,6797955,5698379,6007927,441057,239228,109743,309548,643253,91.4%,89.9%,8.6%,10/11/21,Italia,ITA,60-69,4.16%
70-79 anni,5965244,5569556,4884424,5190202,151548,162267,65539,305778,395688,93.4%,92.3%,6.6%,10/11/21,Italia,ITA,70-79,5.13%
80-89 anni,3665286,3533820,2271770,3401443,10230,74769,47378,1129673,131466,96.4%,95.1%,3.6%,10/11/21,Italia,ITA,80-89,30.82%
oltre 90 anni,815140,817535,546955,772240,3831,18132,23332,225285,-2395,100.3%,97.4%,-0.3%,10/11/21,Italia,ITA,90+,27.64%
TOTALE,59257566,46794549,39645217,42128567,1492581,1649866,1523535,2483350,12463017,79.0%,76.4%,21.0%,10/11/21,TOTALE,ITA,TOTALE,4.19%
0-9 anni,827209,0,0,0,0,0,0,0,827209,0.0%,0.0%,100.0%,10/11/21,Lombardia,LOM,0-11,0.00%
10-19 anni,964465,622859,568308,568537,153,21775,32394,229,341606,64.6%,61.2%,35.4%,10/11/21,Lombardia,LOM,12-19,0.02%
20-29 anni,983209,947460,856181,869682,1707,39082,36989,13501,35749,96.4%,92.6%,3.6%,10/11/21,Lombardia,LOM,20-29,1.37%
30-39 anni,1145186,1033983,935607,954479,3376,41433,34695,18872,111203,90.3%,87.3%,9.7%,10/11/21,Lombardia,LOM,30-39,1.65%
40-49 anni,1504315,1310900,1185149,1211947,10486,56485,31982,26798,193415,87.1%,85.0%,12.9%,10/11/21,Lombardia,LOM,40-49,1.78%
50-59 anni,1609940,1476696,1182329,1222120,167339,64614,22623,39791,133244,91.7%,90.3%,8.3%,10/11/21,Lombardia,LOM,50-59,2.47%
60-69 anni,1201057,1114592,935647,979993,78604,46979,9016,44346,86465,92.8%,92.1%,7.2%,10/11/21,Lombardia,LOM,60-69,3.69%
70-79 anni,988111,930703,817855,858630,29893,33983,8197,40775,57408,94.2%,93.4%,5.8%,10/11/21,Lombardia,LOM,70-79,4.13%
80-89 anni,615067,607937,374985,589785,2124,12396,3632,214800,7130,98.8%,98.3%,1.2%,10/11/21,Lombardia,LOM,80-89,34.92%
oltre 90 anni,128433,135273,87132,129870,286,2161,2956,42738,-6840,105.3%,103.0%,-5.3%,10/11/21,Lombardia,LOM,90+,33.28%
0-9 anni,355686,0,0,0,0,0,0,0,355686,0.0%,0.0%,100.0%,10/11/21,Emilia-Romagna,EMR,0-11,0.00%
10-19 anni,411452,248348,220642,220815,1027,11299,15207,173,163104,60.4%,56.7%,39.6%,10/11/21,Emilia-Romagna,EMR,12-19,0.04%
20-29 anni,420475,392484,344071,347914,8944,17218,18408,3843,27991,93.3%,89.0%,6.7%,10/11/21,Emilia-Romagna,EMR,20-29,0.91%
30-39 anni,495231,429048,376025,382475,8429,17804,20340,6450,66183,86.6%,82.5%,13.4%,10/11/21,Emilia-Romagna,EMR,30-39,1.30%
40-49 anni,674865,566602,500666,510879,9588,25842,20293,10213,108263,84.0%,81.0%,16.0%,10/11/21,Emilia-Romagna,EMR,40-49,1.51%
50-59 anni,712475,635499,569383,585286,6770,28783,14660,15903,76976,89.2%,87.1%,10.8%,10/11/21,Emilia-Romagna,EMR,50-59,2.23%
60-69 anni,549321,502464,409991,429481,51374,15895,5714,19490,46857,91.5%,90.4%,8.5%,10/11/21,Emilia-Romagna,EMR,60-69,3.55%
70-79 anni,454505,425607,374910,394161,17039,10752,3655,19251,28898,93.6%,92.8%,6.4%,10/11/21,Emilia-Romagna,EMR,70-79,4.24%
80-89 anni,299028,293926,158425,282918,1127,6125,3756,124493,5102,98.3%,97.0%,1.7%,10/11/21,Emilia-Romagna,EMR,80-89,41.63%
oltre 90 anni,72511,76284,44588,71955,623,1677,2029,27367,-3773,105.2%,102.4%,-5.2%,10/11/21,Emilia-Romagna,EMR,90+,37.74%
0-9 anni,385892,0,0,0,0,0,0,0,385892,0.0%,0.0%,100.0%,10/11/21,Veneto,VEN,0-11,0.00%
10-19 anni,466296,264496,236636,236755,120,8746,18875,119,201800,56.7%,52.7%,43.3%,10/11/21,Veneto,VEN,12-19,0.03%
20-29 anni,481339,424146,376638,382117,664,16821,24544,5479,57193,88.1%,83.0%,11.9%,10/11/21,Veneto,VEN,20-29,1.14%
30-39 anni,524439,434692,384515,392060,904,16074,25654,7545,89747,82.9%,78.0%,17.1%,10/11/21,Veneto,VEN,30-39,1.44%
40-49 anni,717331,584177,522204,532930,1921,26972,22354,10726,133154,81.4%,78.3%,18.6%,10/11/21,Veneto,VEN,40-49,1.50%
50-59 anni,806474,698006,620183,636881,4119,37837,19169,16698,108468,86.6%,84.2%,13.4%,10/11/21,Veneto,VEN,50-59,2.07%
60-69 anni,610635,552241,450671,472459,48950,25679,5153,21788,58394,90.4%,89.6%,9.6%,10/11/21,Veneto,VEN,60-69,3.57%
70-79 anni,494721,462518,397631,422086,17832,18229,4371,24455,32203,93.5%,92.6%,6.5%,10/11/21,Veneto,VEN,70-79,4.94%
80-89 anni,298205,296665,216636,282443,1220,8741,4261,65807,1540,99.5%,98.1%,0.5%,10/11/21,Veneto,VEN,80-89,22.07%
oltre 90 anni,67121,70100,52659,65241,300,2494,2065,12582,-2979,104.4%,101.4%,-4.4%,10/11/21,Veneto,VEN,90+,18.75%
0-9 anni,322117,0,0,0,0,0,0,0,322117,0.0%,0.0%,100.0%,10/11/21,Piemonte,PIE,0-11,0.00%
10-19 anni,383188,220768,193814,194068,318,7495,18887,254,162420,57.6%,52.7%,42.4%,10/11/21,Piemonte,PIE,12-19,0.07%
20-29 anni,404501,366799,318616,324390,2624,14110,25675,5774,37702,90.7%,84.3%,9.3%,10/11/21,Piemonte,PIE,20-29,1.43%
30-39 anni,453297,379141,320855,330134,7021,15264,26722,9279,74156,83.6%,77.7%,16.4%,10/11/21,Piemonte,PIE,30-39,2.05%
40-49 anni,612180,500537,428790,444049,4924,21779,29785,15259,111643,81.8%,76.9%,18.2%,10/11/21,Piemonte,PIE,40-49,2.49%
50-59 anni,692135,602465,514426,540156,8443,26827,27039,25730,89670,87.0%,83.1%,13.0%,10/11/21,Piemonte,PIE,50-59,3.72%
60-69 anni,559966,497076,394964,427510,34981,20242,14343,32546,62890,88.8%,86.2%,11.2%,10/11/21,Piemonte,PIE,60-69,5.81%
70-79 anni,473035,436840,368881,401704,10152,15554,9430,32823,36195,92.3%,90.4%,7.7%,10/11/21,Piemonte,PIE,70-79,6.94%
80-89 anni,307031,297262,112914,283536,2373,7003,4350,170622,9769,96.8%,95.4%,3.2%,10/11/21,Piemonte,PIE,80-89,55.57%
oltre 90 anni,65760,67994,31070,62756,1904,1574,1760,31686,-2234,103.4%,100.7%,-3.4%,10/11/21,Piemonte,PIE,90+,48.18%
0-9 anni,87116,0,0,0,0,0,0,0,87116,0.0%,0.0%,100.0%,10/11/21,Friuli VG,FVG,0-11,0.00%
10-19 anni,105798,58608,52136,52151,12,2143,4302,15,47190,55.4%,51.3%,44.6%,10/11/21,Friuli VG,FVG,12-19,0.01%
20-29 anni,109577,101730,89751,90851,242,4838,5799,1100,7847,92.8%,87.5%,7.2%,10/11/21,Friuli VG,FVG,20-29,1.00%
30-39 anni,123868,103765,90650,92103,302,4991,6369,1453,20103,83.8%,78.6%,16.2%,10/11/21,Friuli VG,FVG,30-39,1.17%
40-49 anni,172496,137167,120643,122782,543,7803,6039,2139,35329,79.5%,76.0%,20.5%,10/11/21,Friuli VG,FVG,40-49,1.24%
50-59 anni,197534,165821,146019,149181,578,10187,5875,3162,31713,83.9%,81.0%,16.1%,10/11/21,Friuli VG,FVG,50-59,1.60%
60-69 anni,156447,134771,104498,109047,16466,6260,2998,4549,21676,86.1%,84.2%,13.9%,10/11/21,Friuli VG,FVG,60-69,2.91%
70-79 anni,140238,124173,107318,111296,5961,4868,2048,3978,16065,88.5%,87.1%,11.5%,10/11/21,Friuli VG,FVG,70-79,2.84%
80-89 anni,85322,82342,62570,80341,61,832,1108,17771,2980,96.5%,95.2%,3.5%,10/11/21,Friuli VG,FVG,80-89,20.83%
oltre 90 anni,20357,19903,16676,19311,3,174,415,2635,454,97.8%,95.7%,2.2%,10/11/21,Friuli VG,FVG,90+,12.94%
0-9 anni,9667,0,0,0,0,0,0,0,9667,0.0%,0.0%,100.0%,10/11/21,Valle d'Aosta,VDA,0-11,0.00%
10-19 anni,11812,6265,5541,5541,175,178,371,0,5547,53.0%,49.9%,47.0%,10/11/21,Valle d'Aosta,VDA,12-19,0.00%
20-29 anni,11940,9852,8663,8698,140,388,626,35,2088,82.5%,77.3%,17.5%,10/11/21,Valle d'Aosta,VDA,20-29,0.29%
30-39 anni,13010,10131,8880,8981,52,447,651,101,2879,77.9%,72.9%,22.1%,10/11/21,Valle d'Aosta,VDA,30-39,0.78%
40-49 anni,17884,13649,12098,12284,66,666,633,186,4235,76.3%,72.8%,23.7%,10/11/21,Valle d'Aosta,VDA,40-49,1.04%
50-59 anni,20922,17473,15711,15958,44,844,627,247,3449,83.5%,80.5%,16.5%,10/11/21,Valle d'Aosta,VDA,50-59,1.18%
60-69 anni,16123,13838,12166,12418,455,670,295,252,2285,85.8%,84.0%,14.2%,10/11/21,Valle d'Aosta,VDA,60-69,1.56%
70-79 anni,12953,11750,10708,10999,80,567,104,291,1203,90.7%,89.9%,9.3%,10/11/21,Valle d'Aosta,VDA,70-79,2.25%
80-89 anni,7803,7474,4187,7058,2,291,123,2871,329,95.8%,94.2%,4.2%,10/11/21,Valle d'Aosta,VDA,80-89,36.79%
oltre 90 anni,1781,1786,1119,1661,0,77,48,542,-5,100.3%,97.6%,-0.3%,10/11/21,Valle d'Aosta,VDA,90+,30.43%
0-9 anni,101299,0,0,0,0,0,0,0,101299,0.0%,0.0%,100.0%,10/11/21,Liguria,LIG,0-11,0.00%
10-19 anni,126067,68364,61480,61511,1982,1405,3466,31,57703,54.2%,51.5%,45.8%,10/11/21,Liguria,LIG,12-19,0.02%
20-29 anni,136820,120668,101297,101968,10914,2717,5069,671,16152,88.2%,84.5%,11.8%,10/11/21,Liguria,LIG,20-29,0.49%
30-39 anni,147115,122397,105546,106734,7382,2677,5604,1188,24718,83.2%,79.4%,16.8%,10/11/21,Liguria,LIG,30-39,0.81%
40-49 anni,203007,163607,149314,151145,2613,3976,5873,1831,39400,80.6%,77.7%,19.4%,10/11/21,Liguria,LIG,40-49,0.90%
50-59 anni,253220,215911,200115,203601,948,5097,6265,3486,37309,85.3%,82.8%,14.7%,10/11/21,Liguria,LIG,50-59,1.38%
60-69 anni,203505,179103,159513,166164,6374,3338,3227,6651,24402,88.0%,86.4%,12.0%,10/11/21,Liguria,LIG,60-69,3.27%
70-79 anni,182496,164237,147546,157786,2144,2203,2104,10240,18259,90.0%,88.8%,10.0%,10/11/21,Liguria,LIG,70-79,5.61%
80-89 anni,125677,120063,88995,116555,141,1214,2153,27560,5614,95.5%,93.8%,4.5%,10/11/21,Liguria,LIG,80-89,21.93%
oltre 90 anni,30599,30507,22838,28966,163,293,1085,6128,92,99.7%,96.2%,0.3%,10/11/21,Liguria,LIG,90+,20.03%
0-9 anni,47826,0,0,0,0,0,0,0,47826,0.0%,0.0%,100.0%,10/11/21,Trento,PAT,0-11,0.00%
10-19 anni,55756,31933,27939,27943,8,1125,2857,4,23823,57.3%,52.1%,42.7%,10/11/21,Trento,PAT,12-19,0.01%
20-29 anni,58234,55134,46812,47122,29,2748,5235,310,3100,94.7%,85.7%,5.3%,10/11/21,Trento,PAT,20-29,0.53%
30-39 anni,61070,52489,44524,45080,44,2814,4551,556,8581,85.9%,78.5%,14.1%,10/11/21,Trento,PAT,30-39,0.91%
40-49 anni,76322,63511,53645,54497,1100,3841,4073,852,12811,83.2%,77.9%,16.8%,10/11/21,Trento,PAT,40-49,1.12%
50-59 anni,86000,75220,64057,65374,544,6175,3127,1317,10780,87.5%,83.8%,12.5%,10/11/21,Trento,PAT,50-59,1.53%
60-69 anni,67987,61844,52698,54119,1823,4306,1596,1421,6143,91.0%,88.6%,9.0%,10/11/21,Trento,PAT,60-69,2.09%
70-79 anni,52872,49795,44114,45430,524,2950,891,1316,3077,94.2%,92.5%,5.8%,10/11/21,Trento,PAT,70-79,2.49%
80-89 anni,30673,30513,18747,28611,34,1309,559,9864,160,99.5%,97.7%,0.5%,10/11/21,Trento,PAT,80-89,32.16%
oltre 90 anni,8005,8293,4626,7726,7,315,245,3100,-288,103.6%,100.5%,-3.6%,10/11/21,Trento,PAT,90+,38.73%
0-9 anni,54481,0,0,0,0,0,0,0,54481,0.0%,0.0%,100.0%,10/11/21,Bolzano,PAB,0-11,0.00%
10-19 anni,57132,26918,22206,22230,290,1089,3309,24,30214,47.1%,41.3%,52.9%,10/11/21,Bolzano,PAB,12-19,0.04%
20-29 anni,61426,48531,40449,40769,2266,2422,3074,320,12895,79.0%,74.0%,21.0%,10/11/21,Bolzano,PAB,20-29,0.52%
30-39 anni,62922,49237,40404,41004,2813,2489,2931,600,13685,78.3%,73.6%,21.7%,10/11/21,Bolzano,PAB,30-39,0.95%
40-49 anni,74006,59145,49711,50787,1975,3562,2821,1076,14861,79.9%,76.1%,20.1%,10/11/21,Bolzano,PAB,40-49,1.45%
50-59 anni,84510,70382,59614,61394,1314,4816,2858,1780,14128,83.3%,79.9%,16.7%,10/11/21,Bolzano,PAB,50-59,2.11%
60-69 anni,58814,51502,42798,45004,2289,3083,1126,2206,7312,87.6%,85.7%,12.4%,10/11/21,Bolzano,PAB,60-69,3.75%
70-79 anni,46424,40902,34347,36868,1387,1997,650,2521,5522,88.1%,86.7%,11.9%,10/11/21,Bolzano,PAB,70-79,5.43%
80-89 anni,27677,26232,16774,24185,532,955,560,7411,1445,94.8%,92.8%,5.2%,10/11/21,Bolzano,PAB,80-89,26.78%
oltre 90 anni,6323,5994,3798,5325,103,299,267,1527,329,94.8%,90.6%,5.2%,10/11/21,Bolzano,PAB,90+,24.15%
0-9 anni,114169,0,0,0,0,0,0,0,114169,0.0%,0.0%,100.0%,10/11/21,Marche,MAR,0-11,0.00%
10-19 anni,137741,73686,66384,66414,28,2889,4355,30,64055,53.5%,50.3%,46.5%,10/11/21,Marche,MAR,12-19,0.02%
20-29 anni,145997,123936,112050,112859,358,5797,4922,809,22061,84.9%,81.5%,15.1%,10/11/21,Marche,MAR,20-29,0.55%
30-39 anni,163324,130374,117164,118785,493,5823,5273,1621,32950,79.8%,76.6%,20.2%,10/11/21,Marche,MAR,30-39,0.99%
40-49 anni,218851,176076,159353,161924,1136,8104,4912,2571,42775,80.5%,78.2%,19.5%,10/11/21,Marche,MAR,40-49,1.17%
50-59 anni,236599,202484,183055,187026,1905,9434,4119,3971,34115,85.6%,83.8%,14.4%,10/11/21,Marche,MAR,50-59,1.68%
60-69 anni,194699,173637,141376,149285,17388,6264,700,7909,21062,89.2%,88.8%,10.8%,10/11/21,Marche,MAR,60-69,4.06%
70-79 anni,156000,146115,127565,135610,6643,4152,-290,8045,9885,93.7%,93.8%,6.3%,10/11/21,Marche,MAR,70-79,5.16%
80-89 anni,108153,102969,74699,98742,593,2548,1086,24043,5184,95.2%,94.2%,4.8%,10/11/21,Marche,MAR,80-89,22.23%
oltre 90 anni,25873,26060,19612,24459,119,872,610,4847,-187,100.7%,98.4%,-0.7%,10/11/21,Marche,MAR,90+,18.73%
0-9 anni,273053,0,0,0,0,0,0,0,273053,0.0%,0.0%,100.0%,10/11/21,Toscana,TOS,0-11,0.00%
10-19 anni,330958,209174,187685,187945,28,7691,13510,260,121784,63.2%,59.1%,36.8%,10/11/21,Toscana,TOS,12-19,0.08%
20-29 anni,338693,316684,277228,286847,440,12435,16962,9619,22009,93.5%,88.5%,6.5%,10/11/21,Toscana,TOS,20-29,2.84%
30-39 anni,395198,352585,310102,321721,542,12774,17548,11619,42613,89.2%,84.8%,10.8%,10/11/21,Toscana,TOS,30-39,2.94%
40-49 anni,540242,472623,420261,435452,755,17721,18695,15191,67619,87.5%,84.0%,12.5%,10/11/21,Toscana,TOS,40-49,2.81%
50-59 anni,590377,538888,479787,502103,1182,20283,15320,22316,51489,91.3%,88.7%,8.7%,10/11/21,Toscana,TOS,50-59,3.78%
60-69 anni,467270,430517,334439,357953,56776,11499,4289,23514,36753,92.1%,91.2%,7.9%,10/11/21,Toscana,TOS,60-69,5.03%
70-79 anni,406475,382046,335329,353015,19416,9938,-323,17686,24429,94.0%,94.1%,6.0%,10/11/21,Toscana,TOS,70-79,4.35%
80-89 anni,263150,261614,158683,252210,879,7542,983,93527,1536,99.4%,99.0%,0.6%,10/11/21,Toscana,TOS,80-89,35.54%
oltre 90 anni,62917,66356,34074,63143,46,2029,1138,29069,-3439,105.5%,103.7%,-5.5%,10/11/21,Toscana,TOS,90+,46.20%
0-9 anni,463919,0,0,0,0,0,0,0,463919,0.0%,0.0%,100.0%,10/11/21,Lazio,LAZ,0-11,0.00%
10-19 anni,540535,313682,284436,284535,2861,8641,17645,99,226853,58.0%,54.8%,42.0%,10/11/21,Lazio,LAZ,12-19,0.02%
20-29 anni,558855,503342,419564,423524,42404,16449,20965,3960,55513,90.1%,86.3%,9.9%,10/11/21,Lazio,LAZ,20-29,0.71%
30-39 anni,665641,574539,478340,485205,53985,17855,17494,6865,91102,86.3%,83.7%,13.7%,10/11/21,Lazio,LAZ,30-39,1.03%
40-49 anni,879906,759941,622802,632440,79856,25082,22563,9638,119965,86.4%,83.8%,13.6%,10/11/21,Lazio,LAZ,40-49,1.10%
50-59 anni,940470,855207,704620,718533,89356,28711,18607,13913,85263,90.9%,89.0%,9.1%,10/11/21,Lazio,LAZ,50-59,1.48%
60-69 anni,707706,664817,583161,612739,22218,19235,10625,29578,42889,93.9%,92.4%,6.1%,10/11/21,Lazio,LAZ,60-69,4.18%
70-79 anni,551477,524553,453187,500275,5766,11373,7139,47088,26924,95.1%,93.8%,4.9%,10/11/21,Lazio,LAZ,70-79,8.54%
80-89 anni,338530,333370,212882,321782,297,5313,5978,108900,5160,98.5%,96.7%,1.5%,10/11/21,Lazio,LAZ,80-89,32.17%
oltre 90 anni,73757,74484,48939,70409,116,1460,2499,21470,-727,101.0%,97.6%,-1.0%,10/11/21,Lazio,LAZ,90+,29.11%
0-9 anni,64317,0,0,0,0,0,0,0,64317,0.0%,0.0%,100.0%,10/11/21,Umbria,UMB,0-11,0.00%
10-19 anni,78462,45945,40780,40819,15,1171,3940,39,32517,58.6%,53.5%,41.4%,10/11/21,Umbria,UMB,12-19,0.05%
20-29 anni,81178,68292,60380,61504,306,2265,4217,1124,12886,84.1%,78.9%,15.9%,10/11/21,Umbria,UMB,20-29,1.38%
30-39 anni,95565,78070,68470,70919,201,2734,4216,2449,17495,81.7%,77.3%,18.3%,10/11/21,Umbria,UMB,30-39,2.56%
40-49 anni,124859,105528,93363,96684,108,4049,4687,3321,19331,84.5%,80.8%,15.5%,10/11/21,Umbria,UMB,40-49,2.66%
50-59 anni,135406,120416,107654,112450,84,4167,3715,4796,14990,88.9%,86.2%,11.1%,10/11/21,Umbria,UMB,50-59,3.54%
60-69 anni,111650,103396,74816,81703,17724,2238,1731,6887,8254,92.6%,91.1%,7.4%,10/11/21,Umbria,UMB,60-69,6.17%
70-79 anni,94797,91029,79003,85209,2477,1814,1529,6206,3768,96.0%,94.4%,4.0%,10/11/21,Umbria,UMB,70-79,6.55%
80-89 anni,63188,63879,31836,61653,41,1259,926,29817,-691,101.1%,99.6%,-1.1%,10/11/21,Umbria,UMB,80-89,47.19%
oltre 90 anni,15591,16912,11272,16041,10,367,494,4769,-1321,108.5%,105.3%,-8.5%,10/11/21,Umbria,UMB,90+,30.59%
0-9 anni,97834,0,0,0,0,0,0,0,97834,0.0%,0.0%,100.0%,10/11/21,Abruzzo,ABR,0-11,0.00%
10-19 anni,115344,70064,63098,63126,94,1948,4896,28,45280,60.7%,56.5%,39.3%,10/11/21,Abruzzo,ABR,12-19,0.02%
20-29 anni,128330,112158,100552,101561,1353,3936,5308,1009,16172,87.4%,83.3%,12.6%,10/11/21,Abruzzo,ABR,20-29,0.79%
30-39 anni,148176,120166,106037,108145,2266,4142,5613,2108,28010,81.1%,77.3%,18.9%,10/11/21,Abruzzo,ABR,30-39,1.42%
40-49 anni,185634,154290,136023,138739,4866,5549,5136,2716,31344,83.1%,80.3%,16.9%,10/11/21,Abruzzo,ABR,40-49,1.46%
50-59 anni,204504,179627,157111,160914,7354,6435,4924,3803,24877,87.8%,85.4%,12.2%,10/11/21,Abruzzo,ABR,50-59,1.86%
60-69 anni,168878,154273,134586,141340,5712,4956,2265,6754,14605,91.4%,90.0%,8.6%,10/11/21,Abruzzo,ABR,60-69,4.00%
70-79 anni,131536,124369,111770,117900,2480,3210,779,6130,7167,94.6%,94.0%,5.4%,10/11/21,Abruzzo,ABR,70-79,4.66%
80-89 anni,84626,79283,55079,76659,196,1847,581,21580,5343,93.7%,93.0%,6.3%,10/11/21,Abruzzo,ABR,80-89,25.50%
oltre 90 anni,20394,19425,13807,18548,54,561,262,4741,969,95.2%,94.0%,4.8%,10/11/21,Abruzzo,ABR,90+,23.25%
0-9 anni,20523,0,0,0,0,0,0,0,20523,0.0%,0.0%,100.0%,10/11/21,Molise,MOL,0-11,0.00%
10-19 anni,25234,16475,14777,14789,19,349,1318,12,8759,65.3%,60.1%,34.7%,10/11/21,Molise,MOL,12-19,0.05%
20-29 anni,31281,25942,21948,22167,1101,708,1966,219,5339,82.9%,76.6%,17.1%,10/11/21,Molise,MOL,20-29,0.70%
30-39 anni,33973,27528,22863,23377,1102,871,2178,514,6445,81.0%,74.6%,19.0%,10/11/21,Molise,MOL,30-39,1.51%
40-49 anni,41036,35673,31658,32476,616,1136,1445,818,5363,86.9%,83.4%,13.1%,10/11/21,Molise,MOL,40-49,1.99%
50-59 anni,46916,43740,37099,39160,1144,1743,1693,2061,3176,93.2%,89.6%,6.8%,10/11/21,Molise,MOL,50-59,4.39%
60-69 anni,40784,38620,29846,35553,1482,1230,355,5707,2164,94.7%,93.8%,5.3%,10/11/21,Molise,MOL,60-69,13.99%
70-79 anni,30617,29409,23280,28280,541,678,-90,5000,1208,96.1%,96.3%,3.9%,10/11/21,Molise,MOL,70-79,16.33%
80-89 anni,20753,19925,5706,19046,27,447,405,13340,828,96.0%,94.1%,4.0%,10/11/21,Molise,MOL,80-89,64.28%
oltre 90 anni,5430,5501,2383,5050,3,200,248,2667,-71,101.3%,96.7%,-1.3%,10/11/21,Molise,MOL,90+,49.12%
0-9 anni,498552,0,0,0,0,0,0,0,498552,0.0%,0.0%,100.0%,10/11/21,Campania,CAM,0-11,0.00%
10-19 anni,616169,355655,300506,300753,20765,10742,23395,247,260514,57.7%,53.9%,42.3%,10/11/21,Campania,CAM,12-19,0.04%
20-29 anni,685126,565654,478764,483870,23795,23946,34043,5106,119472,82.6%,77.6%,17.4%,10/11/21,Campania,CAM,20-29,0.75%
30-39 anni,706752,571194,479945,488510,24396,24235,34053,8565,135558,80.8%,76.0%,19.2%,10/11/21,Campania,CAM,30-39,1.21%
40-49 anni,819391,685821,596787,608367,18072,29067,30315,11580,133570,83.7%,80.0%,16.3%,10/11/21,Campania,CAM,40-49,1.41%
50-59 anni,871123,769472,673529,695672,12360,39031,22409,22143,101651,88.3%,85.8%,11.7%,10/11/21,Campania,CAM,50-59,2.54%
60-69 anni,681008,623618,525808,566703,13870,27217,15828,40895,57390,91.6%,89.2%,8.4%,10/11/21,Campania,CAM,60-69,6.01%
70-79 anni,491191,455127,390808,427347,2535,16168,9077,36539,36064,92.7%,90.8%,7.3%,10/11/21,Campania,CAM,70-79,7.44%
80-89 anni,258456,235499,148300,225567,96,6143,3693,77267,22957,91.1%,89.7%,8.9%,10/11/21,Campania,CAM,80-89,29.90%
oltre 90 anni,51991,45149,32439,42655,6,932,1556,10216,6842,86.8%,83.8%,13.2%,10/11/21,Campania,CAM,90+,19.65%
0-9 anni,307917,0,0,0,0,0,0,0,307917,0.0%,0.0%,100.0%,10/11/21,Puglia,PUG,0-11,0.00%
10-19 anni,389429,253656,229988,230090,921,8443,14202,102,135773,65.1%,61.5%,34.9%,10/11/21,Puglia,PUG,12-19,0.03%
20-29 anni,435687,368355,323407,328364,4846,15291,19854,4957,67332,84.5%,80.0%,15.5%,10/11/21,Puglia,PUG,20-29,1.14%
30-39 anni,453251,383822,333208,341041,6660,15857,20264,7833,69429,84.7%,80.2%,15.3%,10/11/21,Puglia,PUG,30-39,1.73%
40-49 anni,570896,501820,430948,441037,21800,20792,18191,10089,69076,87.9%,84.7%,12.1%,10/11/21,Puglia,PUG,40-49,1.77%
50-59 anni,607181,561458,472523,486996,32938,24698,16826,14473,45723,92.5%,89.7%,7.5%,10/11/21,Puglia,PUG,50-59,2.38%
60-69 anni,494337,473559,403059,420148,26506,18718,8187,17089,20778,95.8%,94.1%,4.2%,10/11/21,Puglia,PUG,60-69,3.46%
70-79 anni,395276,385535,345128,355495,13598,11351,5091,10367,9741,97.5%,96.2%,2.5%,10/11/21,Puglia,PUG,70-79,2.62%
80-89 anni,224826,220498,164186,211415,136,4481,4466,47229,4328,98.1%,96.1%,1.9%,10/11/21,Puglia,PUG,80-89,21.01%
oltre 90 anni,48131,49024,39497,46247,5,966,1806,6750,-893,101.9%,98.1%,-1.9%,10/11/21,Puglia,PUG,90+,14.02%
0-9 anni,39386,0,0,0,0,0,0,0,39386,0.0%,0.0%,100.0%,10/11/21,Basilicata,BAS,0-11,0.00%
10-19 anni,50240,32243,27914,27922,1588,860,1873,8,17997,64.2%,60.4%,35.8%,10/11/21,Basilicata,BAS,12-19,0.02%
20-29 anni,59650,47778,42899,43097,902,1574,2205,198,11872,80.1%,76.4%,19.9%,10/11/21,Basilicata,BAS,20-29,0.33%
30-39 anni,64519,50129,45303,45787,611,1475,2256,484,14390,77.7%,74.2%,22.3%,10/11/21,Basilicata,BAS,30-39,0.75%
40-49 anni,76260,64143,56662,57437,2849,1893,1964,775,12117,84.1%,81.5%,15.9%,10/11/21,Basilicata,BAS,40-49,1.02%
50-59 anni,87305,78478,69791,70825,3024,2437,2192,1034,8827,89.9%,87.4%,10.1%,10/11/21,Basilicata,BAS,50-59,1.18%
60-69 anni,73674,69330,62325,64145,2099,1652,1434,1820,4344,94.1%,92.2%,5.9%,10/11/21,Basilicata,BAS,60-69,2.47%
70-79 anni,52557,50517,47635,48575,135,1008,799,940,2040,96.1%,94.6%,3.9%,10/11/21,Basilicata,BAS,70-79,1.79%
80-89 anni,35786,33543,25917,32435,5,522,581,6518,2243,93.7%,92.1%,6.3%,10/11/21,Basilicata,BAS,80-89,18.21%
oltre 90 anni,8202,8184,6515,7754,1,144,285,1239,18,99.8%,96.3%,0.2%,10/11/21,Basilicata,BAS,90+,15.11%
0-9 anni,154451,0,0,0,0,0,0,0,154451,0.0%,0.0%,100.0%,10/11/21,Calabria,CAL,0-11,0.00%
10-19 anni,181488,99742,90532,90550,590,1764,6838,18,81746,55.0%,51.2%,45.0%,10/11/21,Calabria,CAL,12-19,0.01%
20-29 anni,208920,161870,143454,144047,5467,3499,8857,593,47050,77.5%,73.2%,22.5%,10/11/21,Calabria,CAL,20-29,0.28%
30-39 anni,232935,172333,150939,152093,7076,3413,9751,1154,60602,74.0%,69.8%,26.0%,10/11/21,Calabria,CAL,30-39,0.50%
40-49 anni,261369,207351,178098,179798,14842,4000,8711,1700,54018,79.3%,76.0%,20.7%,10/11/21,Calabria,CAL,40-49,0.65%
50-59 anni,284757,237733,207264,210277,15221,4303,7932,3013,47024,83.5%,80.7%,16.5%,10/11/21,Calabria,CAL,50-59,1.06%
60-69 anni,243667,215060,194922,201846,6785,3009,3420,6924,28607,88.3%,86.9%,11.7%,10/11/21,Calabria,CAL,60-69,2.84%
70-79 anni,177666,160535,149644,155201,2185,1605,1544,5557,17131,90.4%,89.5%,9.6%,10/11/21,Calabria,CAL,70-79,3.13%
80-89 anni,108240,93620,80519,91191,75,689,1665,10672,14620,86.5%,85.0%,13.5%,10/11/21,Calabria,CAL,80-89,9.86%
oltre 90 anni,24235,20257,17439,19316,17,134,790,1877,3978,83.6%,80.3%,16.4%,10/11/21,Calabria,CAL,90+,7.74%
0-9 anni,411065,0,0,0,0,0,0,0,411065,0.0%,0.0%,100.0%,10/11/21,Sicilia,SIC,0-11,0.00%
10-19 anni,491263,268096,232545,232614,9044,6179,20259,69,223167,54.6%,50.4%,45.4%,10/11/21,Sicilia,SIC,12-19,0.01%
20-29 anni,551159,427841,369824,372331,15872,12484,27154,2507,123318,77.6%,72.7%,22.4%,10/11/21,Sicilia,SIC,20-29,0.45%
30-39 anni,581042,445205,386722,390638,15062,11800,27705,3916,135837,76.6%,71.9%,23.4%,10/11/21,Sicilia,SIC,30-39,0.67%
40-49 anni,684564,549411,480875,486406,22562,14594,25849,5531,135153,80.3%,76.5%,19.7%,10/11/21,Sicilia,SIC,40-49,0.81%
50-59 anni,732410,624601,553122,562431,21687,17214,23269,9309,107809,85.3%,82.1%,14.7%,10/11/21,Sicilia,SIC,50-59,1.27%
60-69 anni,608346,536385,474312,494966,15257,12348,13814,20654,71961,88.2%,85.9%,11.8%,10/11/21,Sicilia,SIC,60-69,3.40%
70-79 anni,460198,412465,372361,391812,4896,7181,8576,19451,47733,89.6%,87.8%,10.4%,10/11/21,Sicilia,SIC,70-79,4.23%
80-89 anni,265138,234478,191205,225669,110,3729,4970,34464,30660,88.4%,86.6%,11.6%,10/11/21,Sicilia,SIC,80-89,13.00%
oltre 90 anni,55691,49267,40700,46237,16,971,2043,5537,6424,88.5%,84.8%,11.5%,10/11/21,Sicilia,SIC,90+,9.94%
0-9 anni,105570,0,0,0,0,0,0,0,105570,0.0%,0.0%,100.0%,10/11/21,Sardegna,SAR,0-11,0.00%
10-19 anni,134368,87904,80939,80965,3,1561,5375,26,46464,65.4%,61.4%,34.6%,10/11/21,Sardegna,SAR,12-19,0.02%
20-29 anni,149270,124647,114786,116022,96,3288,5241,1236,24623,83.5%,80.0%,16.5%,10/11/21,Sardegna,SAR,20-29,0.83%
30-39 anni,180864,145971,132894,135820,290,3565,6296,2926,34893,80.7%,77.2%,19.3%,10/11/21,Sardegna,SAR,30-39,1.62%
40-49 anni,244621,204561,187781,192019,527,5113,6902,4238,40060,83.6%,80.8%,16.4%,10/11/21,Sardegna,SAR,40-49,1.73%
50-59 anni,266104,234590,214853,221470,838,5762,6520,6617,31514,88.2%,85.7%,11.8%,10/11/21,Sardegna,SAR,50-59,2.49%
60-69 anni,225334,207312,176783,185351,13924,4410,3627,8568,18022,92.0%,90.4%,8.0%,10/11/21,Sardegna,SAR,60-69,3.80%
70-79 anni,172099,161331,145404,152523,5864,2686,258,7119,10768,93.7%,93.6%,6.3%,10/11/21,Sardegna,SAR,70-79,4.14%
80-89 anni,97957,92728,68525,89642,161,1383,1542,21117,5229,94.7%,93.1%,5.3%,10/11/21,Sardegna,SAR,80-89,21.56%
oltre 90 anni,22038,20782,15772,19570,49,432,731,3798,1256,94.3%,91.0%,5.7%,10/11/21,Sardegna,SAR,90+,17.23%
