Età,Popolazione,Prima,Due dosi,Seconda dose,Dose unica J&J,Dose guariti,Prima dose,Dose aggiuntiva/booster,Popolazione non vaccinata,Almeno una dose,Completa,Non vaccinati,aggiornamento,Regione,area,fascia,Aggiuntiva/booster
0-9 anni,4742049,0,0,0,0,0,0,0,4742049,0.0%,0.0%,100.0%,01/11/21,Italia,ITA,0-11,0.00%
10-19 anni,5673197,3342414,2962240,2963364,40014,105179,233857,1124,2330783,58.9%,54.8%,41.1%,01/11/21,Italia,ITA,12-19,0.02%
20-29 anni,6041667,5286987,4588959,4626215,124190,199590,336992,37256,754680,87.5%,81.9%,12.5%,01/11/21,Italia,ITA,20-29,0.62%
30-39 anni,6747378,5636435,4877715,4936787,142706,206474,350468,59072,1110943,83.5%,78.3%,16.5%,01/11/21,Italia,ITA,30-39,0.88%
40-49 anni,8700035,7290025,6377374,6462976,201027,285671,340351,85602,1410010,83.8%,79.9%,16.2%,01/11/21,Italia,ITA,40-49,0.98%
50-59 anni,9466362,8382552,7235565,7372707,377077,347971,284797,137142,1083810,88.6%,85.5%,11.4%,01/11/21,Italia,ITA,50-59,1.45%
60-69 anni,7441208,6784731,5777050,5963206,440905,241187,139433,186156,656477,91.2%,89.3%,8.8%,01/11/21,Italia,ITA,60-69,2.50%
70-79 anni,5965244,5562468,5006352,5165917,151498,165245,79808,159565,402776,93.2%,91.9%,6.8%,01/11/21,Italia,ITA,70-79,2.67%
80-89 anni,3665286,3531433,2625005,3391824,10220,77402,51987,766819,133853,96.3%,94.9%,3.7%,01/11/21,Italia,ITA,80-89,20.92%
oltre 90 anni,815140,816753,606717,769432,3826,18927,24568,162715,-1613,100.2%,97.2%,-0.2%,01/11/21,Italia,ITA,90+,19.96%
TOTALE,59257566,46633798,40056977,41652428,1491463,1647646,1842261,1595451,12623768,78.7%,75.6%,21.3%,01/11/21,TOTALE,ITA,TOTALE,2.69%
0-9 anni,827209,0,0,0,0,0,0,0,827209,0.0%,0.0%,100.0%,01/11/21,Lombardia,LOM,0-11,0.00%
10-19 anni,964465,617569,561738,561887,153,21354,34175,149,346896,64.0%,60.5%,36.0%,01/11/21,Lombardia,LOM,12-19,0.02%
20-29 anni,983209,944167,852091,859713,1705,38660,44089,7622,39042,96.0%,91.5%,4.0%,01/11/21,Lombardia,LOM,20-29,0.78%
30-39 anni,1145186,1030133,932072,942975,3376,41000,42782,10903,115053,90.0%,86.2%,10.0%,01/11/21,Lombardia,LOM,30-39,0.95%
40-49 anni,1504315,1307648,1185845,1201383,10485,55989,39791,15538,196667,86.9%,84.3%,13.1%,01/11/21,Lombardia,LOM,40-49,1.03%
50-59 anni,1609940,1474068,1189960,1213775,167339,64176,28778,23815,135872,91.6%,89.8%,8.4%,01/11/21,Lombardia,LOM,50-59,1.48%
60-69 anni,1201057,1113182,951058,974687,78600,46856,13039,23629,87875,92.7%,91.6%,7.3%,01/11/21,Lombardia,LOM,60-69,1.97%
70-79 anni,988111,929850,838855,856214,29893,33923,9820,17359,58261,94.1%,93.1%,5.9%,01/11/21,Lombardia,LOM,70-79,1.76%
80-89 anni,615067,607469,454840,588982,2124,12382,3981,134142,7598,98.8%,98.1%,1.2%,01/11/21,Lombardia,LOM,80-89,21.81%
oltre 90 anni,128433,135156,101375,129656,286,2159,3055,28281,-6723,105.2%,102.9%,-5.2%,01/11/21,Lombardia,LOM,90+,22.02%
0-9 anni,355686,0,0,0,0,0,0,0,355686,0.0%,0.0%,100.0%,01/11/21,Emilia-Romagna,EMR,0-11,0.00%
10-19 anni,411452,246213,217682,217774,1027,11111,16301,92,165239,59.8%,55.9%,40.2%,01/11/21,Emilia-Romagna,EMR,12-19,0.02%
20-29 anni,420475,390829,339825,341486,8944,17062,23337,1661,29646,92.9%,87.4%,7.1%,01/11/21,Emilia-Romagna,EMR,20-29,0.40%
30-39 anni,495231,427107,371837,375032,8425,17704,25946,3195,68124,86.2%,81.0%,13.8%,01/11/21,Emilia-Romagna,EMR,30-39,0.65%
40-49 anni,674865,564867,498231,503700,9582,25724,25861,5469,109998,83.7%,79.9%,16.3%,01/11/21,Emilia-Romagna,EMR,40-49,0.81%
50-59 anni,712475,634121,571529,580334,6761,28751,18275,8805,78354,89.0%,86.4%,11.0%,01/11/21,Emilia-Romagna,EMR,50-59,1.24%
60-69 anni,549321,501683,416070,426495,51341,16163,7684,10425,47638,91.3%,89.9%,8.7%,01/11/21,Emilia-Romagna,EMR,60-69,1.90%
70-79 anni,454505,425258,383244,392332,17031,11159,4736,9088,29247,93.6%,92.5%,6.4%,01/11/21,Emilia-Romagna,EMR,70-79,2.00%
80-89 anni,299028,293734,203561,282060,1127,6704,3843,78499,5294,98.2%,96.9%,1.8%,01/11/21,Emilia-Romagna,EMR,80-89,26.25%
oltre 90 anni,72511,76222,52015,71718,623,1808,2073,19703,-3711,105.1%,102.3%,-5.1%,01/11/21,Emilia-Romagna,EMR,90+,27.17%
0-9 anni,385892,0,0,0,0,0,0,0,385892,0.0%,0.0%,100.0%,01/11/21,Veneto,VEN,0-11,0.00%
10-19 anni,466296,261985,233096,233191,121,8606,20067,95,204311,56.2%,51.9%,43.8%,01/11/21,Veneto,VEN,12-19,0.02%
20-29 anni,481339,422314,371062,374436,663,16777,30438,3374,59025,87.7%,81.4%,12.3%,01/11/21,Veneto,VEN,20-29,0.70%
30-39 anni,524439,432479,377953,383081,903,16066,32429,5128,91960,82.5%,76.3%,17.5%,01/11/21,Veneto,VEN,30-39,0.98%
40-49 anni,717331,582183,517057,524486,1921,26972,28804,7429,135148,81.2%,77.1%,18.8%,01/11/21,Veneto,VEN,40-49,1.04%
50-59 anni,806474,696461,618454,630264,4119,37969,24109,11810,110013,86.4%,83.4%,13.6%,01/11/21,Veneto,VEN,50-59,1.46%
60-69 anni,610635,551511,452870,467400,48939,26679,8493,14530,59124,90.3%,88.9%,9.7%,01/11/21,Veneto,VEN,60-69,2.38%
70-79 anni,494721,462179,405585,419209,17831,19494,5645,13624,32542,93.4%,92.3%,6.6%,01/11/21,Veneto,VEN,70-79,2.75%
80-89 anni,298205,296517,239720,281420,1218,9501,4378,41700,1688,99.4%,98.0%,0.6%,01/11/21,Veneto,VEN,80-89,13.98%
oltre 90 anni,67121,70046,56773,64906,299,2733,2108,8133,-2925,104.4%,101.2%,-4.4%,01/11/21,Veneto,VEN,90+,12.12%
0-9 anni,322117,0,0,0,0,0,0,0,322117,0.0%,0.0%,100.0%,01/11/21,Piemonte,PIE,0-11,0.00%
10-19 anni,383188,218205,190261,190450,317,7312,20126,189,164983,56.9%,51.7%,43.1%,01/11/21,Piemonte,PIE,12-19,0.05%
20-29 anni,404501,364683,314027,317436,2601,13966,30680,3409,39818,90.2%,82.6%,9.8%,01/11/21,Piemonte,PIE,20-29,0.84%
30-39 anni,453297,376952,316565,322395,6997,15178,32382,5830,76345,83.2%,76.0%,16.8%,01/11/21,Piemonte,PIE,30-39,1.29%
40-49 anni,612180,498733,426512,436598,4917,21626,35592,10086,113447,81.5%,75.7%,18.5%,01/11/21,Piemonte,PIE,40-49,1.65%
50-59 anni,692135,601218,516472,534057,8431,26792,31938,17585,90917,86.9%,82.2%,13.1%,01/11/21,Piemonte,PIE,50-59,2.54%
60-69 anni,559966,495777,402316,424777,34959,20437,15604,22461,64189,88.5%,85.8%,11.5%,01/11/21,Piemonte,PIE,60-69,4.01%
70-79 anni,473035,435901,380211,400289,10146,15956,9510,20078,37134,92.1%,90.1%,7.9%,01/11/21,Piemonte,PIE,70-79,4.24%
80-89 anni,307031,298814,151360,283429,2372,7471,5542,132069,8217,97.3%,95.5%,2.7%,01/11/21,Piemonte,PIE,80-89,43.01%
oltre 90 anni,65760,68238,36733,62452,1904,1786,2096,25719,-2478,103.8%,100.6%,-3.8%,01/11/21,Piemonte,PIE,90+,39.11%
0-9 anni,87116,0,0,0,0,0,0,0,87116,0.0%,0.0%,100.0%,01/11/21,Friuli VG,FVG,0-11,0.00%
10-19 anni,105798,58143,51371,51374,12,2131,4626,3,47655,55.0%,50.6%,45.0%,01/11/21,Friuli VG,FVG,12-19,0.00%
20-29 anni,109577,101317,88595,89197,241,4829,7050,602,8260,92.5%,86.0%,7.5%,01/11/21,Friuli VG,FVG,20-29,0.55%
30-39 anni,123868,103282,89305,90168,299,4986,7829,863,20586,83.4%,77.1%,16.6%,01/11/21,Friuli VG,FVG,30-39,0.70%
40-49 anni,172496,136699,119575,120753,542,7797,7607,1178,35797,79.2%,74.8%,20.8%,01/11/21,Friuli VG,FVG,40-49,0.68%
50-59 anni,197534,165358,145425,147170,575,10206,7407,1745,32176,83.7%,80.0%,16.3%,01/11/21,Friuli VG,FVG,50-59,0.88%
60-69 anni,156447,134496,106072,108273,16465,6315,3443,2201,21951,86.0%,83.8%,14.0%,01/11/21,Friuli VG,FVG,60-69,1.41%
70-79 anni,140238,124012,109121,110854,5960,4984,2214,1733,16226,88.4%,86.9%,11.6%,01/11/21,Friuli VG,FVG,70-79,1.24%
80-89 anni,85322,82267,68479,79942,61,857,1407,11463,3055,96.4%,94.8%,3.6%,01/11/21,Friuli VG,FVG,80-89,13.43%
oltre 90 anni,20357,19875,17539,19146,3,176,550,1607,482,97.6%,94.9%,2.4%,01/11/21,Friuli VG,FVG,90+,7.89%
0-9 anni,9667,0,0,0,0,0,0,0,9667,0.0%,0.0%,100.0%,01/11/21,Valle d'Aosta,VDA,0-11,0.00%
10-19 anni,11812,6228,5425,5425,175,173,455,0,5584,52.7%,48.9%,47.3%,01/11/21,Valle d'Aosta,VDA,12-19,0.00%
20-29 anni,11940,9808,8541,8547,140,385,736,6,2132,82.1%,76.0%,17.9%,01/11/21,Valle d'Aosta,VDA,20-29,0.05%
30-39 anni,13010,10082,8761,8774,52,444,812,13,2928,77.5%,71.3%,22.5%,01/11/21,Valle d'Aosta,VDA,30-39,0.10%
40-49 anni,17884,13599,12060,12099,66,654,780,39,4285,76.0%,71.7%,24.0%,01/11/21,Valle d'Aosta,VDA,40-49,0.22%
50-59 anni,20922,17431,15749,15806,44,840,741,57,3491,83.3%,79.8%,16.7%,01/11/21,Valle d'Aosta,VDA,50-59,0.27%
60-69 anni,16123,13817,12287,12352,455,667,343,65,2306,85.7%,83.6%,14.3%,01/11/21,Valle d'Aosta,VDA,60-69,0.40%
70-79 anni,12953,11744,10833,10974,80,569,121,141,1209,90.7%,89.7%,9.3%,01/11/21,Valle d'Aosta,VDA,70-79,1.09%
80-89 anni,7803,7470,5475,7037,2,299,132,1562,333,95.7%,94.0%,4.3%,01/11/21,Valle d'Aosta,VDA,80-89,20.02%
oltre 90 anni,1781,1782,1266,1658,0,78,46,392,-1,100.1%,97.5%,-0.1%,01/11/21,Valle d'Aosta,VDA,90+,22.01%
0-9 anni,101299,0,0,0,0,0,0,0,101299,0.0%,0.0%,100.0%,01/11/21,Liguria,LIG,0-11,0.00%
10-19 anni,126067,67533,60081,60095,1982,1364,4092,14,58534,53.6%,50.3%,46.4%,01/11/21,Liguria,LIG,12-19,0.01%
20-29 anni,136820,119871,98601,98965,10910,2669,7327,364,16949,87.6%,82.3%,12.4%,01/11/21,Liguria,LIG,20-29,0.27%
30-39 anni,147115,121604,102670,103327,7380,2658,8239,657,25511,82.7%,77.1%,17.3%,01/11/21,Liguria,LIG,30-39,0.45%
40-49 anni,203007,162838,146782,147874,2613,3920,8431,1092,40169,80.2%,76.1%,19.8%,01/11/21,Liguria,LIG,40-49,0.54%
50-59 anni,253220,215253,198580,200662,946,5064,8581,2082,37967,85.0%,81.6%,15.0%,01/11/21,Liguria,LIG,50-59,0.82%
60-69 anni,203505,178693,160624,164346,6374,3382,4591,3722,24812,87.8%,85.6%,12.2%,01/11/21,Liguria,LIG,60-69,1.83%
70-79 anni,182496,164030,153438,157082,2144,2223,2581,3644,18466,89.9%,88.5%,10.1%,01/11/21,Liguria,LIG,70-79,2.00%
80-89 anni,125677,119927,97773,116238,141,1258,2290,18465,5750,95.4%,93.6%,4.6%,01/11/21,Liguria,LIG,80-89,14.69%
oltre 90 anni,30599,30469,24439,28852,163,309,1145,4413,130,99.6%,95.8%,0.4%,01/11/21,Liguria,LIG,90+,14.42%
0-9 anni,47826,0,0,0,0,0,0,0,47826,0.0%,0.0%,100.0%,01/11/21,Trento,PAT,0-11,0.00%
10-19 anni,55756,31626,27447,27450,8,1097,3071,3,24130,56.7%,51.2%,43.3%,01/11/21,Trento,PAT,12-19,0.01%
20-29 anni,58234,54772,45978,46164,29,2700,5879,186,3462,94.1%,84.0%,5.9%,01/11/21,Trento,PAT,20-29,0.32%
30-39 anni,61070,52179,43663,44018,44,2782,5335,355,8891,85.4%,76.7%,14.6%,01/11/21,Trento,PAT,30-39,0.58%
40-49 anni,76322,63211,52985,53546,1100,3829,4736,561,13111,82.8%,76.6%,17.2%,01/11/21,Trento,PAT,40-49,0.74%
50-59 anni,86000,75009,63752,64625,543,6165,3676,873,10991,87.2%,82.9%,12.8%,01/11/21,Trento,PAT,50-59,1.02%
60-69 anni,67987,61686,52824,53803,1822,4353,1708,979,6301,90.7%,88.2%,9.3%,01/11/21,Trento,PAT,60-69,1.44%
70-79 anni,52872,49737,44351,45279,524,2997,937,928,3135,94.1%,92.3%,5.9%,01/11/21,Trento,PAT,70-79,1.76%
80-89 anni,30673,30481,20284,28480,34,1397,570,8196,192,99.4%,97.5%,0.6%,01/11/21,Trento,PAT,80-89,26.72%
oltre 90 anni,8005,8277,5090,7680,7,341,249,2590,-272,103.4%,100.3%,-3.4%,01/11/21,Trento,PAT,90+,32.35%
0-9 anni,54481,0,0,0,0,0,0,0,54481,0.0%,0.0%,100.0%,01/11/21,Bolzano,PAB,0-11,0.00%
10-19 anni,57132,26313,21473,21490,287,1085,3451,17,30819,46.1%,40.0%,53.9%,01/11/21,Bolzano,PAB,12-19,0.03%
20-29 anni,61426,48178,39487,39682,2256,2427,3813,195,13248,78.4%,72.2%,21.6%,01/11/21,Bolzano,PAB,20-29,0.32%
30-39 anni,62922,48881,39648,40019,2808,2493,3561,371,14041,77.7%,72.0%,22.3%,01/11/21,Bolzano,PAB,30-39,0.59%
40-49 anni,74006,58866,49278,49986,1961,3579,3340,708,15140,79.5%,75.0%,20.5%,01/11/21,Bolzano,PAB,40-49,0.96%
50-59 anni,84510,70064,59379,60639,1307,4851,3267,1260,14446,82.9%,79.0%,17.1%,01/11/21,Bolzano,PAB,50-59,1.49%
60-69 anni,58814,51336,43100,44659,2271,3180,1226,1559,7478,87.3%,85.2%,12.7%,01/11/21,Bolzano,PAB,60-69,2.65%
70-79 anni,46424,40830,34981,36621,1376,2119,714,1640,5594,88.0%,86.4%,12.0%,01/11/21,Bolzano,PAB,70-79,3.53%
80-89 anni,27677,26184,18788,24040,530,1028,586,5252,1493,94.6%,92.5%,5.4%,01/11/21,Bolzano,PAB,80-89,18.98%
oltre 90 anni,6323,5973,4181,5283,100,320,270,1102,350,94.5%,90.2%,5.5%,01/11/21,Bolzano,PAB,90+,17.43%
0-9 anni,114169,0,0,0,0,0,0,0,114169,0.0%,0.0%,100.0%,01/11/21,Marche,MAR,0-11,0.00%
10-19 anni,137741,72852,65372,65383,28,2826,4615,11,64889,52.9%,49.5%,47.1%,01/11/21,Marche,MAR,12-19,0.01%
20-29 anni,145997,123375,110512,110862,358,5737,6418,350,22622,84.5%,80.1%,15.5%,01/11/21,Marche,MAR,20-29,0.24%
30-39 anni,163324,129692,115508,116226,493,5731,7242,718,33632,79.4%,75.0%,20.6%,01/11/21,Marche,MAR,30-39,0.44%
40-49 anni,218851,175441,158260,159462,1136,8015,6828,1202,43410,80.2%,77.0%,19.8%,01/11/21,Marche,MAR,40-49,0.55%
50-59 anni,236599,201916,183026,185051,1904,9331,5630,2025,34683,85.3%,83.0%,14.7%,01/11/21,Marche,MAR,50-59,0.86%
60-69 anni,194699,173317,144089,148189,17382,6210,1536,4100,21382,89.0%,88.2%,11.0%,01/11/21,Marche,MAR,60-69,2.11%
70-79 anni,156000,145965,131193,134931,6642,4146,246,3738,10035,93.6%,93.4%,6.4%,01/11/21,Marche,MAR,70-79,2.40%
80-89 anni,108153,102912,81812,98598,593,2545,1176,16786,5241,95.2%,94.1%,4.8%,01/11/21,Marche,MAR,80-89,15.52%
oltre 90 anni,25873,26050,21261,24432,119,872,627,3171,-177,100.7%,98.3%,-0.7%,01/11/21,Marche,MAR,90+,12.26%
0-9 anni,273053,0,0,0,0,0,0,0,273053,0.0%,0.0%,100.0%,01/11/21,Toscana,TOS,0-11,0.00%
10-19 anni,330958,207296,185251,185455,28,7477,14336,204,123662,62.6%,58.3%,37.4%,01/11/21,Toscana,TOS,12-19,0.06%
20-29 anni,338693,315313,274567,282457,436,12207,20213,7890,23380,93.1%,87.1%,6.9%,01/11/21,Toscana,TOS,20-29,2.33%
30-39 anni,395198,351041,306647,316314,540,12579,21608,9667,44157,88.8%,83.4%,11.2%,01/11/21,Toscana,TOS,30-39,2.45%
40-49 anni,540242,471123,417660,430260,755,17446,22662,12600,69119,87.2%,83.0%,12.8%,01/11/21,Toscana,TOS,40-49,2.33%
50-59 anni,590377,537609,479192,497572,1181,20082,18774,18380,52768,91.1%,87.9%,8.9%,01/11/21,Toscana,TOS,50-59,3.11%
60-69 anni,467270,429783,335010,353830,56773,11394,7786,18820,37487,92.0%,90.3%,8.0%,01/11/21,Toscana,TOS,60-69,4.03%
70-79 anni,406475,381645,337196,349633,19415,9913,2684,12437,24830,93.9%,93.2%,6.1%,01/11/21,Toscana,TOS,70-79,3.06%
80-89 anni,263150,261368,199666,251219,878,7536,1735,51553,1782,99.3%,98.7%,0.7%,01/11/21,Toscana,TOS,80-89,19.59%
oltre 90 anni,62917,66272,41844,62913,46,2028,1285,21069,-3355,105.3%,103.3%,-5.3%,01/11/21,Toscana,TOS,90+,33.49%
0-9 anni,463919,0,0,0,0,0,0,0,463919,0.0%,0.0%,100.0%,01/11/21,Lazio,LAZ,0-11,0.00%
10-19 anni,540535,310568,280074,280147,2852,8419,19150,73,229967,57.5%,53.9%,42.5%,01/11/21,Lazio,LAZ,12-19,0.01%
20-29 anni,558855,501029,413522,415971,42253,16248,26557,2449,57826,89.7%,84.9%,10.3%,01/11/21,Lazio,LAZ,20-29,0.44%
30-39 anni,665641,571748,471770,476146,53818,17731,24053,4376,93893,85.9%,82.3%,14.1%,01/11/21,Lazio,LAZ,30-39,0.66%
40-49 anni,879906,757622,617877,624248,79748,24948,28678,6371,122284,86.1%,82.8%,13.9%,01/11/21,Lazio,LAZ,40-49,0.72%
50-59 anni,940470,853442,701274,710746,89293,28689,24714,9472,87028,90.7%,88.1%,9.3%,01/11/21,Lazio,LAZ,50-59,1.01%
60-69 anni,707706,663920,589839,608876,22195,19878,12971,19037,43786,93.8%,92.0%,6.2%,01/11/21,Lazio,LAZ,60-69,2.69%
70-79 anni,551477,524075,473746,498813,5762,11873,7627,25067,27402,95.0%,93.6%,5.0%,01/11/21,Lazio,LAZ,70-79,4.55%
80-89 anni,338530,333131,238023,321028,297,5690,6116,83005,5399,98.4%,96.6%,1.6%,01/11/21,Lazio,LAZ,80-89,24.52%
oltre 90 anni,73757,74420,53614,70192,116,1566,2546,16578,-663,100.9%,97.4%,-0.9%,01/11/21,Lazio,LAZ,90+,22.48%
0-9 anni,64317,0,0,0,0,0,0,0,64317,0.0%,0.0%,100.0%,01/11/21,Umbria,UMB,0-11,0.00%
10-19 anni,78462,45418,40046,40074,15,1135,4194,28,33044,57.9%,52.5%,42.1%,01/11/21,Umbria,UMB,12-19,0.04%
20-29 anni,81178,67640,59719,60337,305,2229,4769,618,13538,83.3%,77.4%,16.7%,01/11/21,Umbria,UMB,20-29,0.76%
30-39 anni,95565,77271,68072,69416,199,2725,4931,1344,18294,80.9%,75.7%,19.1%,01/11/21,Umbria,UMB,30-39,1.41%
40-49 anni,124859,104750,93289,95185,108,4051,5406,1896,20109,83.9%,79.6%,16.1%,01/11/21,Umbria,UMB,40-49,1.52%
50-59 anni,135406,119699,108325,111188,84,4180,4247,2863,15707,88.4%,85.3%,11.6%,01/11/21,Umbria,UMB,50-59,2.11%
60-69 anni,111650,102817,76954,80908,17708,2300,1901,3954,8833,92.1%,90.4%,7.9%,01/11/21,Umbria,UMB,60-69,3.54%
70-79 anni,94797,90661,81201,84840,2464,1883,1474,3639,4136,95.6%,94.1%,4.4%,01/11/21,Umbria,UMB,70-79,3.84%
80-89 anni,63188,62697,36962,60457,41,1342,857,23495,491,99.2%,97.9%,0.8%,01/11/21,Umbria,UMB,80-89,37.18%
oltre 90 anni,15591,16664,12153,15789,10,384,481,3636,-1073,106.9%,103.8%,-6.9%,01/11/21,Umbria,UMB,90+,23.32%
0-9 anni,97834,0,0,0,0,0,0,0,97834,0.0%,0.0%,100.0%,01/11/21,Abruzzo,ABR,0-11,0.00%
10-19 anni,115344,69417,61983,61995,94,1906,5422,12,45927,60.2%,55.5%,39.8%,01/11/21,Abruzzo,ABR,12-19,0.01%
20-29 anni,128330,111667,99221,99792,1353,3884,6638,571,16663,87.0%,81.8%,13.0%,01/11/21,Abruzzo,ABR,20-29,0.44%
30-39 anni,148176,119557,104491,105713,2263,4107,7474,1222,28619,80.7%,75.6%,19.3%,01/11/21,Abruzzo,ABR,30-39,0.82%
40-49 anni,185634,153709,134781,136432,4865,5479,6933,1651,31925,82.8%,79.1%,17.2%,01/11/21,Abruzzo,ABR,40-49,0.89%
50-59 anni,204504,179161,156631,159048,7353,6387,6373,2417,25343,87.6%,84.5%,12.4%,01/11/21,Abruzzo,ABR,50-59,1.18%
60-69 anni,168878,153939,137173,140303,5706,4928,3002,3130,14939,91.2%,89.4%,8.8%,01/11/21,Abruzzo,ABR,60-69,1.85%
70-79 anni,131536,124222,115523,117435,2476,3199,1112,1912,7314,94.4%,93.6%,5.6%,01/11/21,Abruzzo,ABR,70-79,1.45%
80-89 anni,84626,79205,61701,76516,192,1842,655,14815,5421,93.6%,92.8%,6.4%,01/11/21,Abruzzo,ABR,80-89,17.51%
oltre 90 anni,20394,19403,14947,18513,53,560,277,3566,991,95.1%,93.8%,4.9%,01/11/21,Abruzzo,ABR,90+,17.49%
0-9 anni,20523,0,0,0,0,0,0,0,20523,0.0%,0.0%,100.0%,01/11/21,Molise,MOL,0-11,0.00%
10-19 anni,25234,16372,14625,14635,19,347,1371,10,8862,64.9%,59.4%,35.1%,01/11/21,Molise,MOL,12-19,0.04%
20-29 anni,31281,25838,21796,21904,1101,706,2127,108,5443,82.6%,75.8%,17.4%,01/11/21,Molise,MOL,20-29,0.35%
30-39 anni,33973,27421,22773,23031,1102,876,2412,258,6552,80.7%,73.6%,19.3%,01/11/21,Molise,MOL,30-39,0.76%
40-49 anni,41036,35561,31723,32143,616,1135,1667,420,5475,86.7%,82.6%,13.3%,01/11/21,Molise,MOL,40-49,1.02%
50-59 anni,46916,43648,38094,38909,1144,1765,1830,815,3268,93.0%,89.1%,7.0%,01/11/21,Molise,MOL,50-59,1.74%
60-69 anni,40784,38543,32718,35368,1483,1272,420,2650,2241,94.5%,93.5%,5.5%,01/11/21,Molise,MOL,60-69,6.50%
70-79 anni,30617,29381,25506,28182,542,712,-55,2676,1236,96.0%,96.1%,4.0%,01/11/21,Molise,MOL,70-79,8.74%
80-89 anni,20753,19905,6622,19005,27,478,395,12383,848,95.9%,94.0%,4.1%,01/11/21,Molise,MOL,80-89,59.67%
oltre 90 anni,5430,5488,2628,5032,3,210,243,2404,-58,101.1%,96.6%,-1.1%,01/11/21,Molise,MOL,90+,44.27%
0-9 anni,498552,0,0,0,0,0,0,0,498552,0.0%,0.0%,100.0%,01/11/21,Campania,CAM,0-11,0.00%
10-19 anni,616169,352456,295671,295763,20763,10517,25413,92,263713,57.2%,53.1%,42.8%,01/11/21,Campania,CAM,12-19,0.01%
20-29 anni,685126,562603,471460,474661,23792,23576,40574,3201,122523,82.1%,76.2%,17.9%,01/11/21,Campania,CAM,20-29,0.47%
30-39 anni,706752,567637,472446,478191,24390,23869,41187,5745,139115,80.3%,74.5%,19.7%,01/11/21,Campania,CAM,30-39,0.81%
40-49 anni,819391,682984,591944,599581,18062,28740,36601,7637,136407,83.4%,78.9%,16.6%,01/11/21,Campania,CAM,40-49,0.93%
50-59 anni,871123,767100,674216,688727,12359,38800,27214,14511,104023,88.1%,84.9%,11.9%,01/11/21,Campania,CAM,50-59,1.67%
60-69 anni,681008,622237,538277,562878,13869,27074,18416,24601,58771,91.4%,88.7%,8.6%,01/11/21,Campania,CAM,60-69,3.61%
70-79 anni,491191,454470,405627,425769,2535,16114,10052,20142,36721,92.5%,90.5%,7.5%,01/11/21,Campania,CAM,70-79,4.10%
80-89 anni,258456,235254,162555,225013,96,6129,4016,62458,23202,91.0%,89.5%,9.0%,01/11/21,Campania,CAM,80-89,24.17%
oltre 90 anni,51991,45101,34023,42545,6,932,1618,8522,6890,86.7%,83.6%,13.3%,01/11/21,Campania,CAM,90+,16.39%
0-9 anni,307917,0,0,0,0,0,0,0,307917,0.0%,0.0%,100.0%,01/11/21,Puglia,PUG,0-11,0.00%
10-19 anni,389429,251566,226998,227066,919,8264,15317,68,137863,64.6%,60.7%,35.4%,01/11/21,Puglia,PUG,12-19,0.02%
20-29 anni,435687,366325,320995,323317,4810,15122,23076,2322,69362,84.1%,78.8%,15.9%,01/11/21,Puglia,PUG,20-29,0.53%
30-39 anni,453251,381482,331326,335202,6627,15708,23945,3876,71769,84.2%,78.9%,15.8%,01/11/21,Puglia,PUG,30-39,0.86%
40-49 anni,570896,499869,430745,435979,21787,20626,21477,5234,71027,87.6%,83.8%,12.4%,01/11/21,Puglia,PUG,40-49,0.92%
50-59 anni,607181,559999,475349,483197,32934,24625,19243,7848,47182,92.2%,89.1%,7.8%,01/11/21,Puglia,PUG,50-59,1.29%
60-69 anni,494337,472822,407170,417157,26502,18904,10259,9987,21515,95.6%,93.6%,4.4%,01/11/21,Puglia,PUG,60-69,2.02%
70-79 anni,395276,385214,347084,353122,13597,11592,6903,6038,10062,97.5%,95.7%,2.5%,01/11/21,Puglia,PUG,70-79,1.53%
80-89 anni,224826,220354,180022,210948,136,4650,4620,30926,4472,98.0%,96.0%,2.0%,01/11/21,Puglia,PUG,80-89,13.76%
oltre 90 anni,48131,48984,41636,46138,5,992,1849,4502,-853,101.8%,97.9%,-1.8%,01/11/21,Puglia,PUG,90+,9.35%
0-9 anni,39386,0,0,0,0,0,0,0,39386,0.0%,0.0%,100.0%,01/11/21,Basilicata,BAS,0-11,0.00%
10-19 anni,50240,31926,27517,27522,1579,822,2003,5,18314,63.5%,59.6%,36.5%,01/11/21,Basilicata,BAS,12-19,0.01%
20-29 anni,59650,47547,42376,42477,884,1535,2651,101,12103,79.7%,75.3%,20.3%,01/11/21,Basilicata,BAS,20-29,0.17%
30-39 anni,64519,49870,44728,44921,609,1439,2901,193,14649,77.3%,72.8%,22.7%,01/11/21,Basilicata,BAS,30-39,0.30%
40-49 anni,76260,63911,56303,56653,2848,1852,2558,350,12349,83.8%,80.5%,16.2%,01/11/21,Basilicata,BAS,40-49,0.46%
50-59 anni,87305,78258,69641,70139,3023,2409,2687,498,9047,89.6%,86.6%,10.4%,01/11/21,Basilicata,BAS,50-59,0.57%
60-69 anni,73674,69206,62858,63811,2098,1630,1667,953,4468,93.9%,91.7%,6.1%,01/11/21,Basilicata,BAS,60-69,1.29%
70-79 anni,52557,50442,48040,48460,135,1001,846,420,2115,96.0%,94.4%,4.0%,01/11/21,Basilicata,BAS,70-79,0.80%
80-89 anni,35786,33499,28395,32341,5,522,631,3946,2287,93.6%,91.8%,6.4%,01/11/21,Basilicata,BAS,80-89,11.03%
oltre 90 anni,8202,8172,6991,7724,1,144,303,733,30,99.6%,95.9%,0.4%,01/11/21,Basilicata,BAS,90+,8.94%
0-9 anni,154451,0,0,0,0,0,0,0,154451,0.0%,0.0%,100.0%,01/11/21,Calabria,CAL,0-11,0.00%
10-19 anni,181488,98537,88945,88954,588,1701,7294,9,82951,54.3%,50.3%,45.7%,01/11/21,Calabria,CAL,12-19,0.00%
20-29 anni,208920,160764,141112,141401,5464,3419,10480,289,48156,77.0%,71.9%,23.0%,01/11/21,Calabria,CAL,20-29,0.14%
30-39 anni,232935,170893,148057,148558,7068,3332,11935,501,62042,73.4%,68.2%,26.6%,01/11/21,Calabria,CAL,30-39,0.22%
40-49 anni,261369,206111,175925,176672,14834,3903,10702,747,55258,78.9%,74.8%,21.1%,01/11/21,Calabria,CAL,40-49,0.29%
50-59 anni,284757,236684,206184,207607,15216,4216,9645,1423,48073,83.1%,79.7%,16.9%,01/11/21,Calabria,CAL,50-59,0.50%
60-69 anni,243667,214359,197406,200424,6784,2960,4191,3018,29308,88.0%,86.3%,12.0%,01/11/21,Calabria,CAL,60-69,1.24%
70-79 anni,177666,160185,152286,154664,2185,1589,1747,2378,17481,90.2%,89.2%,9.8%,01/11/21,Calabria,CAL,70-79,1.34%
80-89 anni,108240,93479,85156,90944,75,684,1776,5788,14761,86.4%,84.7%,13.6%,01/11/21,Calabria,CAL,80-89,5.35%
oltre 90 anni,24235,20225,18183,19255,17,134,819,1072,4010,83.5%,80.1%,16.5%,01/11/21,Calabria,CAL,90+,4.42%
0-9 anni,411065,0,0,0,0,0,0,0,411065,0.0%,0.0%,100.0%,01/11/21,Sicilia,SIC,0-11,0.00%
10-19 anni,491263,264932,227318,227354,9044,5994,22540,36,226331,53.9%,49.3%,46.1%,01/11/21,Sicilia,SIC,12-19,0.01%
20-29 anni,551159,424777,361721,362990,15850,12211,33726,1269,126382,77.1%,71.0%,22.9%,01/11/21,Sicilia,SIC,20-29,0.23%
30-39 anni,581042,441723,377391,379558,15024,11543,35598,2167,139319,76.0%,69.9%,24.0%,01/11/21,Sicilia,SIC,30-39,0.37%
40-49 anni,684564,546347,473187,476171,22554,14319,33303,2984,138217,79.8%,74.9%,20.2%,01/11/21,Sicilia,SIC,40-49,0.44%
50-59 anni,732410,622005,548690,553752,21685,16940,29628,5062,110405,84.9%,80.9%,15.1%,01/11/21,Sicilia,SIC,50-59,0.69%
60-69 anni,608346,534627,479261,490422,15255,12223,16727,11161,73719,87.9%,85.1%,12.1%,01/11/21,Sicilia,SIC,60-69,1.83%
70-79 anni,460198,411517,380581,389735,4896,7134,9752,9154,48681,89.4%,87.3%,10.6%,01/11/21,Sicilia,SIC,70-79,1.99%
80-89 anni,265138,234143,206509,224770,110,3710,5553,18261,30995,88.3%,86.2%,11.7%,01/11/21,Sicilia,SIC,80-89,6.89%
oltre 90 anni,55691,49187,42955,46068,16,969,2134,3113,6504,88.3%,84.5%,11.7%,01/11/21,Sicilia,SIC,90+,5.59%
0-9 anni,105570,0,0,0,0,0,0,0,105570,0.0%,0.0%,100.0%,01/11/21,Sardegna,SAR,0-11,0.00%
10-19 anni,134368,87259,79866,79880,3,1538,5838,14,47109,64.9%,60.6%,35.1%,01/11/21,Sardegna,SAR,12-19,0.01%
20-29 anni,149270,124170,113751,114420,95,3241,6414,669,25100,83.2%,78.9%,16.8%,01/11/21,Sardegna,SAR,20-29,0.45%
30-39 anni,180864,145401,132032,133722,289,3523,7867,1690,35463,80.4%,76.0%,19.6%,01/11/21,Sardegna,SAR,30-39,0.93%
40-49 anni,244621,203953,187355,189765,527,5067,8594,2410,40668,83.4%,79.9%,16.6%,01/11/21,Sardegna,SAR,40-49,0.99%
50-59 anni,266104,234048,215643,219439,836,5733,8040,3796,32056,88.0%,84.9%,12.0%,01/11/21,Sardegna,SAR,50-59,1.43%
60-69 anni,225334,206980,179074,184248,13924,4382,4426,5174,18354,91.9%,89.9%,8.1%,01/11/21,Sardegna,SAR,60-69,2.30%
70-79 anni,172099,161150,147750,151479,5864,2665,1142,3729,10949,93.6%,93.0%,6.4%,01/11/21,Sardegna,SAR,70-79,2.17%
80-89 anni,97957,92623,77302,89357,161,1377,1728,12055,5334,94.6%,92.8%,5.4%,01/11/21,Sardegna,SAR,80-89,12.31%
oltre 90 anni,22038,20749,17071,19480,49,426,794,2409,1289,94.2%,90.5%,5.8%,01/11/21,Sardegna,SAR,90+,10.93%
