Età,Popolazione,Prima,Due dosi,Seconda dose,Dose unica J&J,Dose guariti,Prima dose,Dose aggiuntiva,Popolazione non vaccinata,Almeno una dose,Completa,Non vaccinati,aggiornamento,Regione,area,fascia,Aggiuntiva
0-9 anni,4742049,0,0,0,0,0,0,0,4742049,0.0%,0.0%,100.0%,09/10/21,Italia,ITA,0-11,0.00%
10-19 anni,5673197,3229391,2763000,2763469,39870,95734,330318,469,2443806,56.9%,51.1%,43.1%,09/10/21,Italia,ITA,12-19,0.01%
20-29 anni,6041667,5114980,4348590,4352519,122348,186440,453673,3929,926687,84.7%,77.2%,15.3%,09/10/21,Italia,ITA,20-29,0.07%
30-39 anni,6747378,5435568,4602362,4609904,140257,192729,492678,7542,1311810,80.6%,73.3%,19.4%,09/10/21,Italia,ITA,30-39,0.11%
40-49 anni,8700035,7104369,6141363,6157186,198957,268730,479496,15823,1595666,81.7%,76.1%,18.3%,09/10/21,Italia,ITA,40-49,0.18%
50-59 anni,9466362,8232628,7104040,7134407,375545,332982,389694,30367,1233734,87.0%,82.9%,13.0%,09/10/21,Italia,ITA,50-59,0.32%
60-69 anni,7441208,6720064,5825055,5866175,438989,235224,179676,41120,721144,90.3%,87.9%,9.7%,09/10/21,Italia,ITA,60-69,0.55%
70-79 anni,5965244,5537754,5080050,5121410,150980,164730,100634,41360,427490,92.8%,91.1%,7.2%,09/10/21,Italia,ITA,70-79,0.69%
80-89 anni,3665286,3520374,3244499,3368708,10130,80993,60543,124209,144912,96.0%,94.4%,4.0%,09/10/21,Italia,ITA,80-89,3.39%
oltre 90 anni,815140,813917,739119,763048,3803,20328,26738,23929,1223,99.8%,96.6%,0.2%,09/10/21,Italia,ITA,90+,2.94%
TOTALE,59257566,45709045,39848078,40136826,1480879,1577890,2513450,288748,13548521,77.1%,72.9%,22.9%,09/10/21,TOTALE,ITA,TOTALE,0.49%
0-9 anni,827209,0,0,0,0,0,0,0,827209,0.0%,0.0%,100.0%,09/10/21,Lombardia,LOM,0-11,0.00%
10-19 anni,964465,600369,533682,533726,152,19826,46665,44,364096,62.2%,57.4%,37.8%,09/10/21,Lombardia,LOM,12-19,0.00%
20-29 anni,983209,923246,817429,817704,1686,36824,67032,275,59963,93.9%,87.1%,6.1%,09/10/21,Lombardia,LOM,20-29,0.03%
30-39 anni,1145186,1005645,893501,894111,3339,38892,69303,610,139541,87.8%,81.8%,12.2%,09/10/21,Lombardia,LOM,30-39,0.05%
40-49 anni,1504315,1285031,1152754,1154347,10445,53156,67083,1593,219284,85.4%,81.0%,14.6%,09/10/21,Lombardia,LOM,40-49,0.11%
50-59 anni,1609940,1456282,1174655,1178112,167300,61764,49106,3457,153658,90.5%,87.4%,9.5%,09/10/21,Lombardia,LOM,50-59,0.21%
60-69 anni,1201057,1106003,958164,962432,78408,45853,19310,4268,95054,92.1%,90.5%,7.9%,09/10/21,Lombardia,LOM,60-69,0.36%
70-79 anni,988111,926887,846824,851037,29842,33458,12550,4213,61224,93.8%,92.5%,6.2%,09/10/21,Lombardia,LOM,70-79,0.43%
80-89 anni,615067,606000,568378,586305,2117,12310,5268,17927,9067,98.5%,97.7%,1.5%,09/10/21,Lombardia,LOM,80-89,2.91%
oltre 90 anni,128433,134763,125192,128989,282,2159,3333,3797,-6330,104.9%,102.3%,-4.9%,09/10/21,Lombardia,LOM,90+,2.96%
0-9 anni,355686,0,0,0,0,0,0,0,355686,0.0%,0.0%,100.0%,09/10/21,Emilia-Romagna,EMR,0-11,0.00%
10-19 anni,411452,238256,204949,204991,1008,10305,21952,42,173196,57.9%,52.6%,42.1%,09/10/21,Emilia-Romagna,EMR,12-19,0.01%
20-29 anni,420475,378080,317457,317662,8854,16060,35504,205,42395,89.9%,81.5%,10.1%,09/10/21,Emilia-Romagna,EMR,20-29,0.05%
30-39 anni,495231,412345,346043,346467,8335,16691,40852,424,82886,83.3%,75.0%,16.7%,09/10/21,Emilia-Romagna,EMR,30-39,0.09%
40-49 anni,674865,550651,475725,476807,9479,24471,39894,1082,124214,81.6%,75.7%,18.4%,09/10/21,Emilia-Romagna,EMR,40-49,0.16%
50-59 anni,712475,623630,560037,562172,6651,27719,27088,2135,88845,87.5%,83.7%,12.5%,09/10/21,Emilia-Romagna,EMR,50-59,0.30%
60-69 anni,549321,497444,418067,420835,50861,15837,9911,2768,51877,90.6%,88.8%,9.4%,09/10/21,Emilia-Romagna,EMR,60-69,0.50%
70-79 anni,454505,423893,387154,390072,16897,11264,5660,2918,30612,93.3%,92.0%,6.7%,09/10/21,Emilia-Romagna,EMR,70-79,0.64%
80-89 anni,299028,293161,279282,280699,1118,7250,4094,1417,5867,98.0%,96.7%,2.0%,09/10/21,Emilia-Romagna,EMR,80-89,0.47%
oltre 90 anni,72511,76076,71236,71379,620,1906,2171,143,-3565,104.9%,101.9%,-4.9%,09/10/21,Emilia-Romagna,EMR,90+,0.20%
0-9 anni,385892,0,0,0,0,0,0,0,385892,0.0%,0.0%,100.0%,09/10/21,Veneto,VEN,0-11,0.00%
10-19 anni,466296,253214,219620,219683,122,7963,25446,63,213082,54.3%,48.8%,45.7%,09/10/21,Veneto,VEN,12-19,0.01%
20-29 anni,481339,408613,349298,349824,662,16066,42061,526,72726,84.9%,76.2%,15.1%,09/10/21,Veneto,VEN,20-29,0.11%
30-39 anni,524439,416595,352567,353401,902,15421,46871,834,107844,79.4%,70.5%,20.6%,09/10/21,Veneto,VEN,30-39,0.16%
40-49 anni,717331,567539,495006,496741,1918,26075,42805,1735,149792,79.1%,73.2%,20.9%,09/10/21,Veneto,VEN,40-49,0.24%
50-59 anni,806474,684921,605462,608611,4115,37140,35055,3149,121553,84.9%,80.6%,15.1%,09/10/21,Veneto,VEN,50-59,0.39%
60-69 anni,610635,547518,456897,461040,48751,26694,11033,4143,63117,89.7%,87.9%,10.3%,09/10/21,Veneto,VEN,60-69,0.68%
70-79 anni,494721,460957,412037,416109,17788,20250,6810,4072,33764,93.2%,91.8%,6.8%,09/10/21,Veneto,VEN,70-79,0.82%
80-89 anni,298205,296109,271936,279428,1211,10616,4854,7492,2096,99.3%,97.7%,0.7%,09/10/21,Veneto,VEN,80-89,2.51%
oltre 90 anni,67121,69927,62447,64238,297,3173,2219,1791,-2806,104.2%,100.9%,-4.2%,09/10/21,Veneto,VEN,90+,2.67%
0-9 anni,322117,0,0,0,0,0,0,0,322117,0.0%,0.0%,100.0%,09/10/21,Piemonte,PIE,0-11,0.00%
10-19 anni,383188,208239,170425,170517,312,6457,30953,92,174949,54.3%,46.3%,45.7%,09/10/21,Piemonte,PIE,12-19,0.02%
20-29 anni,404501,349515,292312,292835,2511,12997,41172,523,54986,86.4%,76.2%,13.6%,09/10/21,Piemonte,PIE,20-29,0.13%
30-39 anni,453297,359815,293490,294458,6902,14141,44314,968,93482,79.4%,69.6%,20.6%,09/10/21,Piemonte,PIE,30-39,0.21%
40-49 anni,612180,481702,406202,408776,4799,20243,47884,2574,130478,78.7%,70.9%,21.3%,09/10/21,Piemonte,PIE,40-49,0.42%
50-59 anni,692135,587037,506057,511599,8325,25672,41441,5542,105098,84.8%,78.8%,15.2%,09/10/21,Piemonte,PIE,50-59,0.80%
60-69 anni,559966,490017,408519,416994,34762,20022,18239,8475,69949,87.5%,84.3%,12.5%,09/10/21,Piemonte,PIE,60-69,1.51%
70-79 anni,473035,433606,386535,396797,10089,16082,10638,10262,39429,91.7%,89.4%,8.3%,09/10/21,Piemonte,PIE,70-79,2.17%
80-89 anni,307031,297751,258341,280941,2359,8192,6259,22600,9280,97.0%,94.9%,3.0%,09/10/21,Piemonte,PIE,80-89,7.36%
oltre 90 anni,65760,68004,56382,61588,1900,2162,2354,5206,-2244,103.4%,99.8%,-3.4%,09/10/21,Piemonte,PIE,90+,7.92%
0-9 anni,87116,0,0,0,0,0,0,0,87116,0.0%,0.0%,100.0%,09/10/21,Friuli VG,FVG,0-11,0.00%
10-19 anni,105798,55435,46746,46749,8,2030,6648,3,50363,52.4%,46.1%,47.6%,09/10/21,Friuli VG,FVG,12-19,0.00%
20-29 anni,109577,96818,81720,81750,165,4672,10231,30,12759,88.4%,79.0%,11.6%,09/10/21,Friuli VG,FVG,20-29,0.03%
30-39 anni,123868,98018,81636,81694,239,4833,11252,58,25850,79.1%,70.0%,20.9%,09/10/21,Friuli VG,FVG,30-39,0.05%
40-49 anni,172496,131718,112277,112435,499,7572,11212,158,40778,76.4%,69.9%,23.6%,09/10/21,Friuli VG,FVG,40-49,0.09%
50-59 anni,197534,160696,139851,140115,541,10021,10019,264,36838,81.4%,76.3%,18.6%,09/10/21,Friuli VG,FVG,50-59,0.13%
60-69 anni,156447,132698,105050,105459,16436,6244,4559,409,23749,84.8%,81.9%,15.2%,09/10/21,Friuli VG,FVG,60-69,0.26%
70-79 anni,140238,123206,109339,109744,5957,4978,2527,405,17032,87.9%,86.1%,12.1%,09/10/21,Friuli VG,FVG,70-79,0.29%
80-89 anni,85322,81630,77921,79234,61,905,1430,1313,3692,95.7%,94.0%,4.3%,09/10/21,Friuli VG,FVG,80-89,1.54%
oltre 90 anni,20357,19732,18825,18981,3,183,565,156,625,96.9%,94.2%,3.1%,09/10/21,Friuli VG,FVG,90+,0.77%
0-9 anni,9667,0,0,0,0,0,0,0,9667,0.0%,0.0%,100.0%,09/10/21,Valle d'Aosta,VDA,0-11,0.00%
10-19 anni,11812,5981,5103,5103,175,155,548,0,5831,50.6%,46.0%,49.4%,09/10/21,Valle d'Aosta,VDA,12-19,0.00%
20-29 anni,11940,9389,8071,8071,140,346,832,0,2551,78.6%,71.7%,21.4%,09/10/21,Valle d'Aosta,VDA,20-29,0.00%
30-39 anni,13010,9640,8222,8223,52,393,972,1,3370,74.1%,66.6%,25.9%,09/10/21,Valle d'Aosta,VDA,30-39,0.01%
40-49 anni,17884,13172,11621,11621,66,580,905,0,4712,73.7%,68.6%,26.3%,09/10/21,Valle d'Aosta,VDA,40-49,0.00%
50-59 anni,20922,17068,15416,15416,44,775,833,0,3854,81.6%,77.6%,18.4%,09/10/21,Valle d'Aosta,VDA,50-59,0.00%
60-69 anni,16123,13648,12179,12179,455,638,376,0,2475,84.6%,82.3%,15.4%,09/10/21,Valle d'Aosta,VDA,60-69,0.00%
70-79 anni,12953,11685,10914,10914,80,557,134,0,1268,90.2%,89.2%,9.8%,09/10/21,Valle d'Aosta,VDA,70-79,0.00%
80-89 anni,7803,7448,7001,7001,2,309,136,0,355,95.5%,93.7%,4.5%,09/10/21,Valle d'Aosta,VDA,80-89,0.00%
oltre 90 anni,1781,1779,1654,1654,0,76,49,0,2,99.9%,97.1%,0.1%,09/10/21,Valle d'Aosta,VDA,90+,0.00%
0-9 anni,101299,0,0,0,0,0,0,0,101299,0.0%,0.0%,100.0%,09/10/21,Liguria,LIG,0-11,0.00%
10-19 anni,126067,64531,55314,55314,1982,1161,6074,0,61536,51.2%,46.4%,48.8%,09/10/21,Liguria,LIG,12-19,0.00%
20-29 anni,136820,114992,91384,91399,10885,2330,10378,15,21828,84.0%,76.5%,16.0%,09/10/21,Liguria,LIG,20-29,0.01%
30-39 anni,147115,116207,94966,95022,7362,2352,11471,56,30908,79.0%,71.2%,21.0%,09/10/21,Liguria,LIG,30-39,0.04%
40-49 anni,203007,157558,139797,139891,2596,3470,11601,94,45449,77.6%,71.9%,22.4%,09/10/21,Liguria,LIG,40-49,0.05%
50-59 anni,253220,210352,193558,193729,936,4535,11152,171,42868,83.1%,78.7%,16.9%,09/10/21,Liguria,LIG,50-59,0.07%
60-69 anni,203505,176524,160880,161126,6372,3163,5863,246,26981,86.7%,83.9%,13.3%,09/10/21,Liguria,LIG,60-69,0.12%
70-79 anni,182496,163208,155513,155856,2143,2093,3116,343,19288,89.4%,87.7%,10.6%,09/10/21,Liguria,LIG,70-79,0.19%
80-89 anni,125677,119468,112196,115665,141,1270,2392,3469,6209,95.1%,93.2%,4.9%,09/10/21,Liguria,LIG,80-89,2.76%
oltre 90 anni,30599,30327,27762,28693,163,310,1161,931,272,99.1%,95.3%,0.9%,09/10/21,Liguria,LIG,90+,3.04%
0-9 anni,47826,0,0,0,0,0,0,0,47826,0.0%,0.0%,100.0%,09/10/21,Trento,PAT,0-11,0.00%
10-19 anni,55756,30419,25535,25538,3,1010,3868,3,25337,54.6%,47.6%,45.4%,09/10/21,Trento,PAT,12-19,0.01%
20-29 anni,58234,52803,42710,42738,15,2572,7478,28,5431,90.7%,77.8%,9.3%,09/10/21,Trento,PAT,20-29,0.05%
30-39 anni,61070,49980,40166,40210,29,2664,7077,44,11090,81.8%,70.3%,18.2%,09/10/21,Trento,PAT,30-39,0.07%
40-49 anni,76322,61282,49912,49994,1085,3711,6492,82,15040,80.3%,71.8%,19.7%,09/10/21,Trento,PAT,40-49,0.11%
50-59 anni,86000,73531,61955,62120,522,6052,4837,165,12469,85.5%,79.9%,14.5%,09/10/21,Trento,PAT,50-59,0.19%
60-69 anni,67987,61027,52674,52908,1778,4320,2021,234,6960,89.8%,86.8%,10.2%,09/10/21,Trento,PAT,60-69,0.34%
70-79 anni,52872,49483,44722,44899,516,3020,1048,177,3389,93.6%,91.6%,6.4%,09/10/21,Trento,PAT,70-79,0.33%
80-89 anni,30673,30359,25183,28121,32,1604,602,2938,314,99.0%,97.0%,1.0%,09/10/21,Trento,PAT,80-89,9.58%
oltre 90 anni,8005,8241,6967,7562,7,409,263,595,-236,102.9%,99.7%,-2.9%,09/10/21,Trento,PAT,90+,7.43%
0-9 anni,54481,0,0,0,0,0,0,0,54481,0.0%,0.0%,100.0%,09/10/21,Bolzano,PAB,0-11,0.00%
10-19 anni,57132,24522,18932,18941,279,1054,4248,9,32610,42.9%,35.5%,57.1%,09/10/21,Bolzano,PAB,12-19,0.02%
20-29 anni,61426,45901,36189,36233,2159,2368,5141,44,15525,74.7%,66.4%,25.3%,09/10/21,Bolzano,PAB,20-29,0.07%
30-39 anni,62922,46789,36507,36599,2683,2446,5061,92,16133,74.4%,66.3%,25.6%,09/10/21,Bolzano,PAB,30-39,0.15%
40-49 anni,74006,57057,47120,47329,1818,3557,4353,209,16949,77.1%,71.2%,22.9%,09/10/21,Bolzano,PAB,40-49,0.28%
50-59 anni,84510,68481,57739,58261,1203,4823,4194,522,16029,81.0%,76.1%,19.0%,09/10/21,Bolzano,PAB,50-59,0.62%
60-69 anni,58814,50711,43251,43929,2116,3243,1423,678,8103,86.2%,83.8%,13.8%,09/10/21,Bolzano,PAB,60-69,1.15%
70-79 anni,46424,40568,35475,36246,1310,2205,807,771,5856,87.4%,85.6%,12.6%,09/10/21,Bolzano,PAB,70-79,1.66%
80-89 anni,27677,26022,23339,23775,498,1140,609,436,1655,94.0%,91.8%,6.0%,09/10/21,Bolzano,PAB,80-89,1.58%
oltre 90 anni,6323,5946,5156,5204,96,371,275,48,377,94.0%,89.7%,6.0%,09/10/21,Bolzano,PAB,90+,0.76%
0-9 anni,114169,0,0,0,0,0,0,0,114169,0.0%,0.0%,100.0%,09/10/21,Marche,MAR,0-11,0.00%
10-19 anni,137741,70332,61163,61167,28,2602,6535,4,67409,51.1%,46.3%,48.9%,09/10/21,Marche,MAR,12-19,0.00%
20-29 anni,145997,119677,104478,104539,354,5462,9322,61,26320,82.0%,75.6%,18.0%,09/10/21,Marche,MAR,20-29,0.04%
30-39 anni,163324,125077,108057,108202,488,5373,11014,145,38247,76.6%,69.8%,23.4%,09/10/21,Marche,MAR,30-39,0.09%
40-49 anni,218851,170793,151438,151759,1125,7515,10394,321,48058,78.0%,73.3%,22.0%,09/10/21,Marche,MAR,40-49,0.15%
50-59 anni,236599,198094,178264,178932,1890,8905,8367,668,38505,83.7%,80.2%,16.3%,09/10/21,Marche,MAR,50-59,0.28%
60-69 anni,194699,171730,145056,146071,17294,6010,2355,1015,22969,88.2%,87.0%,11.8%,09/10/21,Marche,MAR,60-69,0.52%
70-79 anni,156000,145408,133028,134091,6630,4083,604,1063,10592,93.2%,92.8%,6.8%,09/10/21,Marche,MAR,70-79,0.68%
80-89 anni,108153,102701,95292,98213,590,2532,1366,2921,5452,95.0%,93.7%,5.0%,09/10/21,Marche,MAR,80-89,2.70%
oltre 90 anni,25873,25988,23910,24303,117,868,700,393,-115,100.4%,97.7%,-0.4%,09/10/21,Marche,MAR,90+,1.52%
0-9 anni,273053,0,0,0,0,0,0,0,273053,0.0%,0.0%,100.0%,09/10/21,Toscana,TOS,0-11,0.00%
10-19 anni,330958,200614,161462,161517,23,6700,32374,55,130344,60.6%,50.8%,39.4%,09/10/21,Toscana,TOS,12-19,0.02%
20-29 anni,338693,305219,257890,258224,401,11271,35323,334,33474,90.1%,79.7%,9.9%,09/10/21,Toscana,TOS,20-29,0.10%
30-39 anni,395198,338728,285712,286305,497,11589,40337,593,56470,85.7%,75.5%,14.3%,09/10/21,Toscana,TOS,30-39,0.15%
40-49 anni,540242,459045,399303,400714,714,16111,41506,1411,81197,85.0%,77.3%,15.0%,09/10/21,Toscana,TOS,40-49,0.26%
50-59 anni,590377,527809,471566,474300,1129,18825,33555,2734,62568,89.4%,83.7%,10.6%,09/10/21,Toscana,TOS,50-59,0.46%
60-69 anni,467270,425586,342293,345951,56676,10728,12231,3658,41684,91.1%,88.5%,8.9%,09/10/21,Toscana,TOS,60-69,0.78%
70-79 anni,406475,379965,340225,344658,19381,9705,6221,4433,26510,93.5%,91.9%,6.5%,09/10/21,Toscana,TOS,70-79,1.09%
80-89 anni,263150,260696,246170,249032,872,7504,3288,2862,2454,99.1%,97.8%,0.9%,09/10/21,Toscana,TOS,80-89,1.09%
oltre 90 anni,62917,66086,60879,62179,46,2021,1840,1300,-3169,105.0%,102.1%,-5.0%,09/10/21,Toscana,TOS,90+,2.07%
0-9 anni,463919,0,0,0,0,0,0,0,463919,0.0%,0.0%,100.0%,09/10/21,Lazio,LAZ,0-11,0.00%
10-19 anni,540535,299417,264134,264169,2775,7466,25007,35,241118,55.4%,50.8%,44.6%,09/10/21,Lazio,LAZ,12-19,0.01%
20-29 anni,558855,485325,393270,393501,41134,14979,35711,231,73530,86.8%,80.5%,13.2%,09/10/21,Lazio,LAZ,20-29,0.04%
30-39 anni,665641,552169,447336,447941,52139,16402,35687,605,113472,83.0%,77.6%,17.0%,09/10/21,Lazio,LAZ,30-39,0.09%
40-49 anni,879906,740122,597902,599273,78388,23312,39149,1371,139784,84.1%,79.7%,15.9%,09/10/21,Lazio,LAZ,40-49,0.16%
50-59 anni,940470,840388,689675,692213,88391,27259,32525,2538,100082,89.4%,85.9%,10.6%,09/10/21,Lazio,LAZ,50-59,0.27%
60-69 anni,707706,658612,597694,600757,21928,19750,16177,3063,49094,93.1%,90.8%,6.9%,09/10/21,Lazio,LAZ,60-69,0.43%
70-79 anni,551477,522107,492656,495792,5699,12178,8438,3136,29370,94.7%,93.1%,5.3%,09/10/21,Lazio,LAZ,70-79,0.57%
80-89 anni,338530,332098,297772,319053,295,6316,6434,21281,6432,98.1%,96.2%,1.9%,09/10/21,Lazio,LAZ,80-89,6.29%
oltre 90 anni,73757,74155,65683,69575,116,1792,2672,3892,-398,100.5%,96.9%,-0.5%,09/10/21,Lazio,LAZ,90+,5.28%
0-9 anni,64317,0,0,0,0,0,0,0,64317,0.0%,0.0%,100.0%,09/10/21,Umbria,UMB,0-11,0.00%
10-19 anni,78462,44044,37509,37523,15,1039,5467,14,34418,56.1%,49.2%,43.9%,09/10/21,Umbria,UMB,12-19,0.02%
20-29 anni,81178,65894,57259,57339,278,2122,6155,80,15284,81.2%,73.6%,18.8%,09/10/21,Umbria,UMB,20-29,0.10%
30-39 anni,95565,75193,65737,65895,181,2634,6483,158,20372,78.7%,71.9%,21.3%,09/10/21,Umbria,UMB,30-39,0.17%
40-49 anni,124859,102796,91551,91921,102,3943,6830,370,22063,82.3%,76.9%,17.7%,09/10/21,Umbria,UMB,40-49,0.30%
50-59 anni,135406,118124,107818,108628,82,4138,5276,810,17282,87.2%,83.3%,12.8%,09/10/21,Umbria,UMB,50-59,0.60%
60-69 anni,111650,102092,78764,79932,17660,2307,2193,1168,9558,91.4%,89.5%,8.6%,09/10/21,Umbria,UMB,60-69,1.05%
70-79 anni,94797,90400,83013,84488,2449,1898,1565,1475,4397,95.4%,93.7%,4.6%,09/10/21,Umbria,UMB,70-79,1.56%
80-89 anni,63188,62562,52377,60188,41,1592,741,7811,626,99.0%,97.8%,1.0%,09/10/21,Umbria,UMB,80-89,12.36%
oltre 90 anni,15591,16613,14808,15717,10,430,456,909,-1022,106.6%,103.6%,-6.6%,09/10/21,Umbria,UMB,90+,5.83%
0-9 anni,97834,0,0,0,0,0,0,0,97834,0.0%,0.0%,100.0%,09/10/21,Abruzzo,ABR,0-11,0.00%
10-19 anni,115344,67243,58430,58432,93,1752,6966,2,48101,58.3%,52.3%,41.7%,09/10/21,Abruzzo,ABR,12-19,0.00%
20-29 anni,128330,108805,95529,95550,1348,3680,8227,21,19525,84.8%,78.4%,15.2%,09/10/21,Abruzzo,ABR,20-29,0.02%
30-39 anni,148176,115815,100185,100232,2252,3883,9448,47,32361,78.2%,71.8%,21.8%,09/10/21,Abruzzo,ABR,30-39,0.03%
40-49 anni,185634,150088,130991,131111,4847,5211,8919,120,35546,80.9%,76.0%,19.1%,09/10/21,Abruzzo,ABR,40-49,0.06%
50-59 anni,204504,176206,154719,154977,7324,6115,7790,258,28298,86.2%,82.4%,13.8%,09/10/21,Abruzzo,ABR,50-59,0.13%
60-69 anni,168878,152701,138082,138452,5646,4795,3808,370,16177,90.4%,88.2%,9.6%,09/10/21,Abruzzo,ABR,60-69,0.22%
70-79 anni,131536,123737,116251,116642,2457,3138,1500,391,7799,94.1%,92.9%,5.9%,09/10/21,Abruzzo,ABR,70-79,0.30%
80-89 anni,84626,78981,75528,76032,183,1827,939,504,5645,93.3%,92.2%,6.7%,09/10/21,Abruzzo,ABR,80-89,0.60%
oltre 90 anni,20394,19327,18103,18298,52,556,421,195,1067,94.8%,92.7%,5.2%,09/10/21,Abruzzo,ABR,90+,0.96%
0-9 anni,20523,0,0,0,0,0,0,0,20523,0.0%,0.0%,100.0%,09/10/21,Molise,MOL,0-11,0.00%
10-19 anni,25234,15751,13870,13878,18,327,1528,8,9483,62.4%,56.4%,37.6%,09/10/21,Molise,MOL,12-19,0.03%
20-29 anni,31281,25072,20923,20963,1097,673,2339,40,6209,80.2%,72.7%,19.8%,09/10/21,Molise,MOL,20-29,0.13%
30-39 anni,33973,26374,21765,21806,1094,828,2646,41,7599,77.6%,69.8%,22.4%,09/10/21,Molise,MOL,30-39,0.12%
40-49 anni,41036,34687,30696,30810,611,1102,2164,114,6349,84.5%,79.3%,15.5%,09/10/21,Molise,MOL,40-49,0.28%
50-59 anni,46916,43094,37676,37959,1136,1757,2242,283,3822,91.9%,87.1%,8.1%,09/10/21,Molise,MOL,50-59,0.60%
60-69 anni,40784,38241,34399,34867,1480,1292,602,468,2543,93.8%,92.3%,6.2%,09/10/21,Molise,MOL,60-69,1.15%
70-79 anni,30617,29220,27269,27755,539,768,158,486,1397,95.4%,94.9%,4.6%,09/10/21,Molise,MOL,70-79,1.59%
80-89 anni,20753,19798,14115,18824,27,529,418,4709,955,95.4%,93.4%,4.6%,09/10/21,Molise,MOL,80-89,22.69%
oltre 90 anni,5430,5457,4000,4979,3,254,221,979,-27,100.5%,96.4%,-0.5%,09/10/21,Molise,MOL,90+,18.03%
0-9 anni,498552,0,0,0,0,0,0,0,498552,0.0%,0.0%,100.0%,09/10/21,Campania,CAM,0-11,0.00%
10-19 anni,616169,340271,277220,277259,20761,9480,32771,39,275898,55.2%,49.9%,44.8%,09/10/21,Campania,CAM,12-19,0.01%
20-29 anni,685126,540738,449876,450956,23748,21565,44469,1080,144388,78.9%,72.4%,21.1%,09/10/21,Campania,CAM,20-29,0.16%
30-39 anni,706752,543384,447718,449787,24319,21733,47545,2069,163368,76.9%,70.2%,23.1%,09/10/21,Campania,CAM,30-39,0.29%
40-49 anni,819391,662815,573186,575868,18024,26620,42303,2682,156576,80.9%,75.7%,19.1%,09/10/21,Campania,CAM,40-49,0.33%
50-59 anni,871123,751387,666684,670767,12346,36954,31320,4083,119736,86.3%,82.7%,13.7%,09/10/21,Campania,CAM,50-59,0.47%
60-69 anni,681008,614946,546908,552210,13864,26085,22787,5302,66062,90.3%,87.0%,9.7%,09/10/21,Campania,CAM,60-69,0.78%
70-79 anni,491191,451954,418325,421124,2534,15717,12579,2799,39237,92.0%,89.5%,8.0%,09/10/21,Campania,CAM,70-79,0.57%
80-89 anni,258456,234426,201320,223175,96,6046,5109,21855,24030,90.7%,88.7%,9.3%,09/10/21,Campania,CAM,80-89,8.46%
oltre 90 anni,51991,44931,39407,42206,6,922,1797,2799,7060,86.4%,83.0%,13.6%,09/10/21,Campania,CAM,90+,5.38%
0-9 anni,307917,0,0,0,0,0,0,0,307917,0.0%,0.0%,100.0%,09/10/21,Puglia,PUG,0-11,0.00%
10-19 anni,389429,245371,214406,214445,907,7597,22422,39,144058,63.0%,57.3%,37.0%,09/10/21,Puglia,PUG,12-19,0.01%
20-29 anni,435687,355989,307465,307710,4688,13974,29617,245,79698,81.7%,74.9%,18.3%,09/10/21,Puglia,PUG,20-29,0.06%
30-39 anni,453251,369751,317396,317834,6526,14647,30744,438,83500,81.6%,74.8%,18.4%,09/10/21,Puglia,PUG,30-39,0.10%
40-49 anni,570896,489762,420383,421453,21728,19288,27293,1070,81134,85.8%,81.0%,14.2%,09/10/21,Puglia,PUG,40-49,0.19%
50-59 anni,607181,552185,470758,472782,32899,23471,23033,2024,54996,90.9%,87.1%,9.1%,09/10/21,Puglia,PUG,50-59,0.33%
60-69 anni,494337,469641,409759,412273,26483,18362,12523,2514,24696,95.0%,92.5%,5.0%,09/10/21,Puglia,PUG,60-69,0.51%
70-79 anni,395276,383904,348354,350707,13595,11515,8087,2353,11372,97.1%,95.1%,2.9%,09/10/21,Puglia,PUG,70-79,0.60%
80-89 anni,224826,219897,208677,209824,136,4885,5052,1147,4929,97.8%,95.6%,2.2%,09/10/21,Puglia,PUG,80-89,0.51%
oltre 90 anni,48131,48890,45645,45883,5,1075,1927,238,-759,101.6%,97.6%,-1.6%,09/10/21,Puglia,PUG,90+,0.49%
0-9 anni,39386,0,0,0,0,0,0,0,39386,0.0%,0.0%,100.0%,09/10/21,Basilicata,BAS,0-11,0.00%
10-19 anni,50240,31017,26001,26003,1577,714,2723,2,19223,61.7%,56.3%,38.3%,09/10/21,Basilicata,BAS,12-19,0.00%
20-29 anni,59650,46291,40718,40732,854,1380,3325,14,13359,77.6%,72.0%,22.4%,09/10/21,Basilicata,BAS,20-29,0.02%
30-39 anni,64519,48141,42639,42663,588,1274,3616,24,16378,74.6%,69.0%,25.4%,09/10/21,Basilicata,BAS,30-39,0.04%
40-49 anni,76260,62431,54763,54810,2833,1675,3113,47,13829,81.9%,77.8%,18.1%,09/10/21,Basilicata,BAS,40-49,0.06%
50-59 anni,87305,76905,68507,68594,3012,2185,3114,87,10400,88.1%,84.5%,11.9%,09/10/21,Basilicata,BAS,50-59,0.10%
60-69 anni,73674,68525,62581,62724,2087,1488,2226,143,5149,93.0%,90.0%,7.0%,09/10/21,Basilicata,BAS,60-69,0.19%
70-79 anni,52557,50187,47942,48057,133,954,1043,115,2370,95.5%,93.5%,4.5%,09/10/21,Basilicata,BAS,70-79,0.22%
80-89 anni,35786,33407,31755,32147,5,518,737,392,2379,93.4%,91.3%,6.6%,09/10/21,Basilicata,BAS,80-89,1.10%
oltre 90 anni,8202,8146,7636,7678,0,144,324,42,56,99.3%,95.4%,0.7%,09/10/21,Basilicata,BAS,90+,0.51%
0-9 anni,154451,0,0,0,0,0,0,0,154451,0.0%,0.0%,100.0%,09/10/21,Calabria,CAL,0-11,0.00%
10-19 anni,181488,94973,82301,82302,586,1416,10669,1,86515,52.3%,46.5%,47.7%,09/10/21,Calabria,CAL,12-19,0.00%
20-29 anni,208920,154432,133298,133317,5447,2987,12681,19,54488,73.9%,67.8%,26.1%,09/10/21,Calabria,CAL,20-29,0.01%
30-39 anni,232935,163111,138611,138642,7036,2835,14598,31,69824,70.0%,63.8%,30.0%,09/10/21,Calabria,CAL,30-39,0.01%
40-49 anni,261369,199003,167723,167804,14806,3389,13004,81,62366,76.1%,71.2%,23.9%,09/10/21,Calabria,CAL,40-49,0.03%
50-59 anni,284757,230479,199975,200180,15189,3712,11398,205,54278,80.9%,76.9%,19.1%,09/10/21,Calabria,CAL,50-59,0.07%
60-69 anni,243667,211261,196127,196425,6759,2679,5398,298,32406,86.7%,84.5%,13.3%,09/10/21,Calabria,CAL,60-69,0.12%
70-79 anni,177666,158986,152624,152943,2183,1476,2384,319,18680,89.5%,88.1%,10.5%,09/10/21,Calabria,CAL,70-79,0.18%
80-89 anni,108240,93032,89722,90180,75,676,2101,458,15208,85.9%,84.0%,14.1%,09/10/21,Calabria,CAL,80-89,0.42%
oltre 90 anni,24235,20149,19015,19122,17,138,872,107,4086,83.1%,79.5%,16.9%,09/10/21,Calabria,CAL,90+,0.44%
0-9 anni,411065,0,0,0,0,0,0,0,411065,0.0%,0.0%,100.0%,09/10/21,Sicilia,SIC,0-11,0.00%
10-19 anni,491263,254152,210533,210544,9043,5248,29317,11,237111,51.7%,45.8%,48.3%,09/10/21,Sicilia,SIC,12-19,0.00%
20-29 anni,551159,406596,342047,342165,15827,11020,37584,118,144563,73.8%,67.0%,26.2%,09/10/21,Sicilia,SIC,20-29,0.02%
30-39 anni,581042,420809,353767,353949,15007,10371,41482,182,160233,72.4%,65.3%,27.6%,09/10/21,Sicilia,SIC,30-39,0.03%
40-49 anni,684564,526907,451399,451798,22548,12946,39615,399,157657,77.0%,71.2%,23.0%,09/10/21,Sicilia,SIC,40-49,0.06%
50-59 anni,732410,605166,531706,532457,21675,15668,35366,751,127244,82.6%,77.8%,17.4%,09/10/21,Sicilia,SIC,50-59,0.10%
60-69 anni,608346,525788,477644,478875,15252,11511,20150,1231,82558,86.4%,83.1%,13.6%,09/10/21,Sicilia,SIC,60-69,0.20%
70-79 anni,460198,407991,382781,383821,4896,6822,12452,1040,52207,88.7%,85.9%,11.3%,09/10/21,Sicilia,SIC,70-79,0.23%
80-89 anni,265138,232566,220078,222404,110,3637,6415,2326,32572,87.7%,85.3%,12.3%,09/10/21,Sicilia,SIC,80-89,0.88%
oltre 90 anni,55691,48731,45284,45609,16,959,2147,325,6960,87.5%,83.6%,12.5%,09/10/21,Sicilia,SIC,90+,0.58%
0-9 anni,105570,0,0,0,0,0,0,0,105570,0.0%,0.0%,100.0%,09/10/21,Sardegna,SAR,0-11,0.00%
10-19 anni,134368,85240,75665,75668,3,1432,8137,3,49128,63.4%,57.4%,36.6%,09/10/21,Sardegna,SAR,12-19,0.00%
20-29 anni,149270,121585,109267,109307,95,3092,9091,40,27685,81.5%,75.4%,18.5%,09/10/21,Sardegna,SAR,20-29,0.03%
30-39 anni,180864,141982,126341,126463,287,3327,11905,122,38882,78.5%,71.9%,21.5%,09/10/21,Sardegna,SAR,30-39,0.07%
40-49 anni,244621,200210,181614,181924,526,4783,12977,310,44411,81.8%,76.5%,18.2%,09/10/21,Sardegna,SAR,40-49,0.13%
50-59 anni,266104,230793,211962,212483,835,5492,11983,521,35311,86.7%,82.2%,13.3%,09/10/21,Sardegna,SAR,50-59,0.20%
60-69 anni,225334,205351,180067,180736,13921,4203,6491,669,19983,91.1%,88.3%,8.9%,09/10/21,Sardegna,SAR,60-69,0.30%
70-79 anni,172099,160402,149069,149658,5862,2569,2313,589,11697,93.2%,91.9%,6.8%,09/10/21,Sardegna,SAR,70-79,0.34%
80-89 anni,97957,92262,88116,88467,161,1335,2299,351,5695,94.2%,91.8%,5.8%,09/10/21,Sardegna,SAR,80-89,0.36%
oltre 90 anni,22038,20649,19128,19211,47,420,971,83,1389,93.7%,89.3%,6.3%,09/10/21,Sardegna,SAR,90+,0.38%
