Età,Popolazione,Prima,Due dosi,Seconda dose,Dose unica J&J,Dose guariti,Prima dose,Dose aggiuntiva,Popolazione non vaccinata,Almeno una dose,Completa,Non vaccinati,aggiornamento,Regione,area,fascia,Aggiuntiva
0-9 anni,4742049,0,0,0,0,0,0,0,4742049,0.0%,0.0%,100.0%,07/10/21,Italia,ITA,0-11,0.00%
10-19 anni,5673197,3214997,2729040,2729440,39850,94420,351287,400,2458200,56.7%,50.5%,43.3%,07/10/21,Italia,ITA,12-19,0.01%
20-29 anni,6041667,5091681,4324848,4327992,122097,184652,456940,3144,949986,84.3%,76.7%,15.7%,07/10/21,Italia,ITA,20-29,0.05%
30-39 anni,6747378,5406860,4573960,4580164,139930,190738,496028,6204,1340518,80.1%,72.8%,19.9%,07/10/21,Italia,ITA,30-39,0.09%
40-49 anni,8700035,7076496,6116459,6129992,198646,266280,481578,13533,1623539,81.3%,75.8%,18.7%,07/10/21,Italia,ITA,40-49,0.16%
50-59 anni,9466362,8210184,7087333,7113645,375311,330712,390516,26312,1256178,86.7%,82.6%,13.3%,07/10/21,Italia,ITA,50-59,0.28%
60-69 anni,7441208,6711390,5821004,5856901,438660,234071,181758,35897,729818,90.2%,87.7%,9.8%,07/10/21,Italia,ITA,60-69,0.48%
70-79 anni,5965244,5535184,5079420,5116861,150924,164582,102817,37441,430060,92.8%,91.1%,7.2%,07/10/21,Italia,ITA,70-79,0.63%
80-89 anni,3665286,3519112,3276503,3366514,10118,81148,61332,90011,146174,96.0%,94.3%,4.0%,07/10/21,Italia,ITA,80-89,2.46%
oltre 90 anni,815140,813609,746289,762411,3801,20454,26943,16122,1531,99.8%,96.5%,0.2%,07/10/21,Italia,ITA,90+,1.98%
TOTALE,59257566,45579513,39754856,39983920,1479337,1567057,2549199,229064,13678053,76.9%,72.6%,23.1%,07/10/21,TOTALE,ITA,TOTALE,0.39%
0-9 anni,827209,0,0,0,0,0,0,0,827209,0.0%,0.0%,100.0%,07/10/21,Lombardia,LOM,0-11,0.00%
10-19 anni,964465,598303,529134,529170,152,19643,49338,36,366162,62.0%,56.9%,38.0%,07/10/21,Lombardia,LOM,12-19,0.00%
20-29 anni,983209,920261,814010,814258,1685,36622,67696,248,62948,93.6%,86.7%,6.4%,07/10/21,Lombardia,LOM,20-29,0.03%
30-39 anni,1145186,1001857,889199,889751,3339,38574,70193,552,143329,87.5%,81.4%,12.5%,07/10/21,Lombardia,LOM,30-39,0.05%
40-49 anni,1504315,1281472,1148854,1150312,10444,52764,67952,1458,222843,85.2%,80.7%,14.8%,07/10/21,Lombardia,LOM,40-49,0.10%
50-59 anni,1609940,1453474,1172058,1175281,167298,61441,49454,3223,156466,90.3%,87.2%,9.7%,07/10/21,Lombardia,LOM,50-59,0.20%
60-69 anni,1201057,1105068,957128,961126,78367,45761,19814,3998,95989,92.0%,90.4%,8.0%,07/10/21,Lombardia,LOM,60-69,0.33%
70-79 anni,988111,926983,846483,850456,29831,33653,13043,3973,61128,93.8%,92.5%,6.2%,07/10/21,Lombardia,LOM,70-79,0.40%
80-89 anni,615067,605833,573392,586037,2115,12306,5375,12645,9234,98.5%,97.6%,1.5%,07/10/21,Lombardia,LOM,80-89,2.06%
oltre 90 anni,128433,134726,126191,128937,282,2150,3357,2746,-6293,104.9%,102.3%,-4.9%,07/10/21,Lombardia,LOM,90+,2.14%
0-9 anni,355686,0,0,0,0,0,0,0,355686,0.0%,0.0%,100.0%,07/10/21,Emilia-Romagna,EMR,0-11,0.00%
10-19 anni,411452,237284,203429,203461,1007,10196,22620,32,174168,57.7%,52.2%,42.3%,07/10/21,Emilia-Romagna,EMR,12-19,0.01%
20-29 anni,420475,376134,315595,315752,8846,15931,35605,157,44341,89.5%,81.0%,10.5%,07/10/21,Emilia-Romagna,EMR,20-29,0.04%
30-39 anni,495231,409825,343666,344023,8309,16578,40915,357,85406,82.8%,74.5%,17.2%,07/10/21,Emilia-Romagna,EMR,30-39,0.07%
40-49 anni,674865,548194,473745,474671,9452,24292,39779,926,126671,81.2%,75.3%,18.8%,07/10/21,Emilia-Romagna,EMR,40-49,0.14%
50-59 anni,712475,621871,558994,560836,6631,27525,26879,1842,90604,87.3%,83.5%,12.7%,07/10/21,Emilia-Romagna,EMR,50-59,0.26%
60-69 anni,549321,496809,417859,420320,50792,15772,9925,2461,52512,90.4%,88.6%,9.6%,07/10/21,Emilia-Romagna,EMR,60-69,0.45%
70-79 anni,454505,423719,387261,389861,16881,11246,5731,2600,30786,93.2%,92.0%,6.8%,07/10/21,Emilia-Romagna,EMR,70-79,0.57%
80-89 anni,299028,293102,279402,280603,1118,7251,4130,1201,5926,98.0%,96.6%,2.0%,07/10/21,Emilia-Romagna,EMR,80-89,0.40%
oltre 90 anni,72511,76064,71227,71346,620,1904,2194,119,-3553,104.9%,101.9%,-4.9%,07/10/21,Emilia-Romagna,EMR,90+,0.16%
0-9 anni,385892,0,0,0,0,0,0,0,385892,0.0%,0.0%,100.0%,07/10/21,Veneto,VEN,0-11,0.00%
10-19 anni,466296,252135,217761,217821,122,7865,26327,60,214161,54.1%,48.4%,45.9%,07/10/21,Veneto,VEN,12-19,0.01%
20-29 anni,481339,406283,347868,348194,662,15949,41478,326,75056,84.4%,75.8%,15.6%,07/10/21,Veneto,VEN,20-29,0.07%
30-39 anni,524439,413892,350972,351508,902,15299,46183,536,110547,78.9%,70.1%,21.1%,07/10/21,Veneto,VEN,30-39,0.10%
40-49 anni,717331,564775,493826,495142,1916,25900,41817,1316,152556,78.7%,72.9%,21.3%,07/10/21,Veneto,VEN,40-49,0.18%
50-59 anni,806474,682812,604949,607407,4108,37026,34271,2458,123662,84.7%,80.4%,15.3%,07/10/21,Veneto,VEN,50-59,0.30%
60-69 anni,610635,546902,457448,460629,48706,26646,10921,3181,63733,89.6%,87.8%,10.4%,07/10/21,Veneto,VEN,60-69,0.52%
70-79 anni,494721,460824,412365,415900,17784,20278,6862,3535,33897,93.1%,91.8%,6.9%,07/10/21,Veneto,VEN,70-79,0.71%
80-89 anni,298205,296059,273552,279200,1209,10763,4887,5648,2146,99.3%,97.6%,0.7%,07/10/21,Veneto,VEN,80-89,1.89%
oltre 90 anni,67121,69904,62985,64108,296,3270,2230,1123,-2783,104.1%,100.8%,-4.1%,07/10/21,Veneto,VEN,90+,1.67%
0-9 anni,322117,0,0,0,0,0,0,0,322117,0.0%,0.0%,100.0%,07/10/21,Piemonte,PIE,0-11,0.00%
10-19 anni,383188,207130,166746,166818,309,6369,33634,72,176058,54.1%,45.3%,45.9%,07/10/21,Piemonte,PIE,12-19,0.02%
20-29 anni,404501,347759,290162,290632,2497,12877,41753,470,56742,86.0%,75.7%,14.0%,07/10/21,Piemonte,PIE,20-29,0.12%
30-39 anni,453297,357754,291208,292100,6889,13988,44777,892,95543,78.9%,69.0%,21.1%,07/10/21,Piemonte,PIE,30-39,0.20%
40-49 anni,612180,479472,404049,406426,4789,20067,48190,2377,132708,78.3%,70.5%,21.7%,07/10/21,Piemonte,PIE,40-49,0.39%
50-59 anni,692135,585233,504528,509673,8309,25509,41742,5145,106902,84.6%,78.5%,15.4%,07/10/21,Piemonte,PIE,50-59,0.74%
60-69 anni,559966,489350,408355,416244,34734,19939,18433,7889,70616,87.4%,84.1%,12.6%,07/10/21,Piemonte,PIE,60-69,1.41%
70-79 anni,473035,433401,386767,396459,10083,16059,10800,9692,39634,91.6%,89.3%,8.4%,07/10/21,Piemonte,PIE,70-79,2.05%
80-89 anni,307031,297667,268131,280792,2358,8194,6323,12661,9364,97.0%,94.9%,3.0%,07/10/21,Piemonte,PIE,80-89,4.12%
oltre 90 anni,65760,67979,58800,61548,1900,2173,2358,2748,-2219,103.4%,99.8%,-3.4%,07/10/21,Piemonte,PIE,90+,4.18%
0-9 anni,87116,0,0,0,0,0,0,0,87116,0.0%,0.0%,100.0%,07/10/21,Friuli VG,FVG,0-11,0.00%
10-19 anni,105798,55176,46299,46302,7,2018,6849,3,50622,52.2%,45.7%,47.8%,07/10/21,Friuli VG,FVG,12-19,0.00%
20-29 anni,109577,96174,81416,81444,155,4656,9919,28,13403,87.8%,78.7%,12.2%,07/10/21,Friuli VG,FVG,20-29,0.03%
30-39 anni,123868,97303,81310,81365,237,4807,10894,55,26565,78.6%,69.8%,21.4%,07/10/21,Friuli VG,FVG,30-39,0.04%
40-49 anni,172496,130913,112011,112166,495,7543,10709,155,41583,75.9%,69.7%,24.1%,07/10/21,Friuli VG,FVG,40-49,0.09%
50-59 anni,197534,160014,139657,139920,540,9991,9563,263,37520,81.0%,76.2%,19.0%,07/10/21,Friuli VG,FVG,50-59,0.13%
60-69 anni,156447,132480,104966,105373,16436,6232,4439,407,23967,84.7%,81.8%,15.3%,07/10/21,Friuli VG,FVG,60-69,0.26%
70-79 anni,140238,123124,109294,109698,5955,4965,2506,404,17114,87.8%,86.0%,12.2%,07/10/21,Friuli VG,FVG,70-79,0.29%
80-89 anni,85322,81555,78372,79195,61,908,1391,823,3767,95.6%,94.0%,4.4%,07/10/21,Friuli VG,FVG,80-89,0.96%
oltre 90 anni,20357,19721,18881,18966,2,185,568,85,636,96.9%,94.1%,3.1%,07/10/21,Friuli VG,FVG,90+,0.42%
0-9 anni,9667,0,0,0,0,0,0,0,9667,0.0%,0.0%,100.0%,07/10/21,Valle d'Aosta,VDA,0-11,0.00%
10-19 anni,11812,5948,5032,5032,175,150,591,0,5864,50.4%,45.4%,49.6%,07/10/21,Valle d'Aosta,VDA,12-19,0.00%
20-29 anni,11940,9282,8053,8053,140,339,750,0,2658,77.7%,71.5%,22.3%,07/10/21,Valle d'Aosta,VDA,20-29,0.00%
30-39 anni,13010,9493,8200,8201,52,381,859,1,3517,73.0%,66.4%,27.0%,07/10/21,Valle d'Aosta,VDA,30-39,0.01%
40-49 anni,17884,13022,11600,11600,66,560,796,0,4862,72.8%,68.4%,27.2%,07/10/21,Valle d'Aosta,VDA,40-49,0.00%
50-59 anni,20922,16952,15403,15403,44,754,751,0,3970,81.0%,77.4%,19.0%,07/10/21,Valle d'Aosta,VDA,50-59,0.00%
60-69 anni,16123,13599,12171,12171,455,629,344,0,2524,84.3%,82.2%,15.7%,07/10/21,Valle d'Aosta,VDA,60-69,0.00%
70-79 anni,12953,11673,10912,10912,80,550,131,0,1280,90.1%,89.1%,9.9%,07/10/21,Valle d'Aosta,VDA,70-79,0.00%
80-89 anni,7803,7446,6999,6999,2,308,137,0,357,95.4%,93.7%,4.6%,07/10/21,Valle d'Aosta,VDA,80-89,0.00%
oltre 90 anni,1781,1779,1654,1654,0,76,49,0,2,99.9%,97.1%,0.1%,07/10/21,Valle d'Aosta,VDA,90+,0.00%
0-9 anni,101299,0,0,0,0,0,0,0,101299,0.0%,0.0%,100.0%,07/10/21,Liguria,LIG,0-11,0.00%
10-19 anni,126067,64129,54454,54454,1982,1131,6562,0,61938,50.9%,45.7%,49.1%,07/10/21,Liguria,LIG,12-19,0.00%
20-29 anni,136820,114413,90656,90667,10885,2299,10562,11,22407,83.6%,75.9%,16.4%,07/10/21,Liguria,LIG,20-29,0.01%
30-39 anni,147115,115482,94147,94188,7362,2328,11604,41,31633,78.5%,70.6%,21.5%,07/10/21,Liguria,LIG,30-39,0.03%
40-49 anni,203007,156830,138977,139044,2596,3413,11777,67,46177,77.3%,71.5%,22.7%,07/10/21,Liguria,LIG,40-49,0.03%
50-59 anni,253220,209726,192900,193025,935,4453,11313,125,43494,82.8%,78.4%,17.2%,07/10/21,Liguria,LIG,50-59,0.05%
60-69 anni,203505,176286,160605,160807,6371,3116,5992,202,27219,86.6%,83.7%,13.4%,07/10/21,Liguria,LIG,60-69,0.10%
70-79 anni,182496,163137,155404,155663,2143,2078,3253,259,19359,89.4%,87.6%,10.6%,07/10/21,Liguria,LIG,70-79,0.14%
80-89 anni,125677,119425,113392,115582,141,1262,2440,2190,6252,95.0%,93.1%,5.0%,07/10/21,Liguria,LIG,80-89,1.74%
oltre 90 anni,30599,30313,28111,28666,163,309,1175,555,286,99.1%,95.2%,0.9%,07/10/21,Liguria,LIG,90+,1.81%
0-9 anni,47826,0,0,0,0,0,0,0,47826,0.0%,0.0%,100.0%,07/10/21,Trento,PAT,0-11,0.00%
10-19 anni,55756,30201,25234,25236,3,991,3971,2,25555,54.2%,47.0%,45.8%,07/10/21,Trento,PAT,12-19,0.00%
20-29 anni,58234,52299,42466,42494,15,2550,7240,28,5935,89.8%,77.4%,10.2%,07/10/21,Trento,PAT,20-29,0.05%
30-39 anni,61070,49421,39914,39950,29,2646,6796,36,11649,80.9%,69.8%,19.1%,07/10/21,Trento,PAT,30-39,0.06%
40-49 anni,76322,60734,49730,49806,1083,3685,6160,76,15588,79.6%,71.5%,20.4%,07/10/21,Trento,PAT,40-49,0.10%
50-59 anni,86000,73119,61815,61966,521,6017,4615,151,12881,85.0%,79.7%,15.0%,07/10/21,Trento,PAT,50-59,0.18%
60-69 anni,67987,60895,52618,52823,1764,4301,2007,205,7092,89.6%,86.6%,10.4%,07/10/21,Trento,PAT,60-69,0.30%
70-79 anni,52872,49455,44700,44855,513,3019,1068,155,3417,93.5%,91.5%,6.5%,07/10/21,Trento,PAT,70-79,0.29%
80-89 anni,30673,30345,25740,28095,32,1617,601,2355,328,98.9%,97.0%,1.1%,07/10/21,Trento,PAT,80-89,7.68%
oltre 90 anni,8005,8237,7096,7560,7,407,263,464,-232,102.9%,99.6%,-2.9%,07/10/21,Trento,PAT,90+,5.80%
0-9 anni,54481,0,0,0,0,0,0,0,54481,0.0%,0.0%,100.0%,07/10/21,Bolzano,PAB,0-11,0.00%
10-19 anni,57132,24187,18593,18600,277,1048,4262,7,32945,42.3%,34.9%,57.7%,07/10/21,Bolzano,PAB,12-19,0.01%
20-29 anni,61426,45465,35912,35943,2135,2350,5037,31,15961,74.0%,65.8%,26.0%,07/10/21,Bolzano,PAB,20-29,0.05%
30-39 anni,62922,46324,36241,36312,2662,2444,4906,71,16598,73.6%,65.8%,26.4%,07/10/21,Bolzano,PAB,30-39,0.11%
40-49 anni,74006,56698,46966,47126,1780,3550,4242,160,17308,76.6%,70.9%,23.4%,07/10/21,Bolzano,PAB,40-49,0.22%
50-59 anni,84510,68138,57693,58091,1180,4818,4049,398,16372,80.6%,75.8%,19.4%,07/10/21,Bolzano,PAB,50-59,0.47%
60-69 anni,58814,50616,43352,43852,2097,3246,1421,500,8198,86.1%,83.6%,13.9%,07/10/21,Bolzano,PAB,60-69,0.85%
70-79 anni,46424,40524,35598,36212,1308,2204,800,614,5900,87.3%,85.6%,12.7%,07/10/21,Bolzano,PAB,70-79,1.32%
80-89 anni,27677,26000,23421,23763,496,1139,602,342,1677,93.9%,91.8%,6.1%,07/10/21,Bolzano,PAB,80-89,1.24%
oltre 90 anni,6323,5940,5165,5199,96,371,274,34,383,93.9%,89.6%,6.1%,07/10/21,Bolzano,PAB,90+,0.54%
0-9 anni,114169,0,0,0,0,0,0,0,114169,0.0%,0.0%,100.0%,07/10/21,Marche,MAR,0-11,0.00%
10-19 anni,137741,69964,60555,60559,28,2566,6811,4,67777,50.8%,45.8%,49.2%,07/10/21,Marche,MAR,12-19,0.00%
20-29 anni,145997,118984,103902,103953,354,5410,9267,51,27013,81.5%,75.2%,18.5%,07/10/21,Marche,MAR,20-29,0.03%
30-39 anni,163324,124179,107302,107434,488,5323,10934,132,39145,76.0%,69.3%,24.0%,07/10/21,Marche,MAR,30-39,0.08%
40-49 anni,218851,169848,150738,151044,1124,7444,10236,306,49003,77.6%,72.9%,22.4%,07/10/21,Marche,MAR,40-49,0.14%
50-59 anni,236599,197289,177780,178413,1886,8848,8142,633,39310,83.4%,79.9%,16.6%,07/10/21,Marche,MAR,50-59,0.27%
60-69 anni,194699,171441,144942,145899,17271,5971,2300,957,23258,88.1%,86.9%,11.9%,07/10/21,Marche,MAR,60-69,0.49%
70-79 anni,156000,145331,132987,134023,6628,4069,611,1036,10669,93.2%,92.8%,6.8%,07/10/21,Marche,MAR,70-79,0.66%
80-89 anni,108153,102671,96135,98165,589,2529,1388,2030,5482,94.9%,93.6%,5.1%,07/10/21,Marche,MAR,80-89,1.88%
oltre 90 anni,25873,25981,24024,24290,117,867,707,266,-108,100.4%,97.7%,-0.4%,07/10/21,Marche,MAR,90+,1.03%
0-9 anni,273053,0,0,0,0,0,0,0,273053,0.0%,0.0%,100.0%,07/10/21,Toscana,TOS,0-11,0.00%
10-19 anni,330958,199762,157645,157693,22,6602,35445,48,131196,60.4%,49.6%,39.6%,07/10/21,Toscana,TOS,12-19,0.01%
20-29 anni,338693,304026,255324,255586,398,11147,36895,262,34667,89.8%,78.9%,10.2%,07/10/21,Toscana,TOS,20-29,0.08%
30-39 anni,395198,337157,282696,283176,498,11442,42041,480,58041,85.3%,74.7%,14.7%,07/10/21,Toscana,TOS,30-39,0.12%
40-49 anni,540242,457495,396373,397583,705,15923,43284,1210,82747,84.7%,76.7%,15.3%,07/10/21,Toscana,TOS,40-49,0.22%
50-59 anni,590377,526359,469582,471952,1127,18632,34648,2370,64018,89.2%,83.3%,10.8%,07/10/21,Toscana,TOS,50-59,0.40%
60-69 anni,467270,425036,342063,345324,56657,10626,12429,3261,42234,91.0%,88.3%,9.0%,07/10/21,Toscana,TOS,60-69,0.70%
70-79 anni,406475,379740,340269,344291,19377,9666,6406,4022,26735,93.4%,91.8%,6.6%,07/10/21,Toscana,TOS,70-79,0.99%
80-89 anni,263150,260619,246671,248904,871,7492,3352,2233,2531,99.0%,97.8%,1.0%,07/10/21,Toscana,TOS,80-89,0.85%
oltre 90 anni,62917,66069,61302,62131,46,2021,1871,829,-3152,105.0%,102.0%,-5.0%,07/10/21,Toscana,TOS,90+,1.32%
0-9 anni,463919,0,0,0,0,0,0,0,463919,0.0%,0.0%,100.0%,07/10/21,Lazio,LAZ,0-11,0.00%
10-19 anni,540535,298074,261718,261750,2764,7353,26207,32,242461,55.1%,50.3%,44.9%,07/10/21,Lazio,LAZ,12-19,0.01%
20-29 anni,558855,483389,391662,391852,40962,14840,35735,190,75466,86.5%,80.1%,13.5%,07/10/21,Lazio,LAZ,20-29,0.03%
30-39 anni,665641,549558,445222,445729,51904,16210,35715,507,116083,82.6%,77.2%,17.4%,07/10/21,Lazio,LAZ,30-39,0.08%
40-49 anni,879906,737647,596145,597324,78193,23097,39033,1179,142259,83.8%,79.4%,16.2%,07/10/21,Lazio,LAZ,40-49,0.13%
50-59 anni,940470,838559,688476,690690,88250,27082,32537,2214,101911,89.2%,85.7%,10.8%,07/10/21,Lazio,LAZ,50-59,0.24%
60-69 anni,707706,657906,597340,600121,21879,19645,16261,2781,49800,93.0%,90.7%,7.0%,07/10/21,Lazio,LAZ,60-69,0.39%
70-79 anni,551477,521883,492690,495510,5697,12150,8526,2820,29594,94.6%,93.1%,5.4%,07/10/21,Lazio,LAZ,70-79,0.51%
80-89 anni,338530,332006,302591,318839,294,6350,6523,16248,6524,98.1%,96.1%,1.9%,07/10/21,Lazio,LAZ,80-89,4.80%
oltre 90 anni,73757,74128,66748,69510,116,1802,2700,2762,-371,100.5%,96.8%,-0.5%,07/10/21,Lazio,LAZ,90+,3.74%
0-9 anni,64317,0,0,0,0,0,0,0,64317,0.0%,0.0%,100.0%,07/10/21,Umbria,UMB,0-11,0.00%
10-19 anni,78462,43840,36848,36861,15,1020,5944,13,34622,55.9%,48.3%,44.1%,07/10/21,Umbria,UMB,12-19,0.02%
20-29 anni,81178,65573,56883,56959,279,2102,6233,76,15605,80.8%,73.1%,19.2%,07/10/21,Umbria,UMB,20-29,0.09%
30-39 anni,95565,74819,65417,65560,180,2614,6465,143,20746,78.3%,71.5%,21.7%,07/10/21,Umbria,UMB,30-39,0.15%
40-49 anni,124859,102374,91276,91622,102,3911,6739,346,22485,82.0%,76.6%,18.0%,07/10/21,Umbria,UMB,40-49,0.28%
50-59 anni,135406,117779,107671,108410,82,4116,5171,739,17627,87.0%,83.2%,13.0%,07/10/21,Umbria,UMB,50-59,0.55%
60-69 anni,111650,101957,78751,79843,17652,2288,2174,1092,9693,91.3%,89.4%,8.7%,07/10/21,Umbria,UMB,60-69,0.98%
70-79 anni,94797,90365,83071,84428,2448,1897,1592,1357,4432,95.3%,93.6%,4.7%,07/10/21,Umbria,UMB,70-79,1.43%
80-89 anni,63188,62543,54589,60165,41,1595,742,5576,645,99.0%,97.8%,1.0%,07/10/21,Umbria,UMB,80-89,8.82%
oltre 90 anni,15591,16609,15106,15714,10,430,455,608,-1018,106.5%,103.6%,-6.5%,07/10/21,Umbria,UMB,90+,3.90%
0-9 anni,97834,0,0,0,0,0,0,0,97834,0.0%,0.0%,100.0%,07/10/21,Abruzzo,ABR,0-11,0.00%
10-19 anni,115344,66987,57890,57891,92,1735,7269,1,48357,58.1%,51.8%,41.9%,07/10/21,Abruzzo,ABR,12-19,0.00%
20-29 anni,128330,108412,95181,95198,1350,3650,8214,17,19918,84.5%,78.1%,15.5%,07/10/21,Abruzzo,ABR,20-29,0.01%
30-39 anni,148176,115193,99709,99750,2250,3843,9350,41,32983,77.7%,71.4%,22.3%,07/10/21,Abruzzo,ABR,30-39,0.03%
40-49 anni,185634,149483,130570,130677,4843,5158,8805,107,36151,80.5%,75.8%,19.5%,07/10/21,Abruzzo,ABR,40-49,0.06%
50-59 anni,204504,175702,154365,154596,7322,6063,7721,231,28802,85.9%,82.1%,14.1%,07/10/21,Abruzzo,ABR,50-59,0.11%
60-69 anni,168878,152566,137964,138288,5641,4770,3867,324,16312,90.3%,88.1%,9.7%,07/10/21,Abruzzo,ABR,60-69,0.19%
70-79 anni,131536,123669,116225,116577,2456,3123,1513,352,7867,94.0%,92.9%,6.0%,07/10/21,Abruzzo,ABR,70-79,0.27%
80-89 anni,84626,78960,75682,75989,181,1832,958,307,5666,93.3%,92.2%,6.7%,07/10/21,Abruzzo,ABR,80-89,0.36%
oltre 90 anni,20394,19314,18184,18287,52,556,419,103,1080,94.7%,92.6%,5.3%,07/10/21,Abruzzo,ABR,90+,0.51%
0-9 anni,20523,0,0,0,0,0,0,0,20523,0.0%,0.0%,100.0%,07/10/21,Molise,MOL,0-11,0.00%
10-19 anni,25234,15667,13658,13666,18,324,1659,8,9567,62.1%,55.5%,37.9%,07/10/21,Molise,MOL,12-19,0.03%
20-29 anni,31281,25004,20829,20869,1097,669,2369,40,6277,79.9%,72.4%,20.1%,07/10/21,Molise,MOL,20-29,0.13%
30-39 anni,33973,26297,21659,21699,1094,824,2680,40,7676,77.4%,69.5%,22.6%,07/10/21,Molise,MOL,30-39,0.12%
40-49 anni,41036,34594,30593,30704,609,1101,2180,111,6442,84.3%,79.0%,15.7%,07/10/21,Molise,MOL,40-49,0.27%
50-59 anni,46916,43024,37615,37891,1136,1752,2245,276,3892,91.7%,86.9%,8.3%,07/10/21,Molise,MOL,50-59,0.59%
60-69 anni,40784,38209,34376,34832,1480,1289,608,456,2575,93.7%,92.2%,6.3%,07/10/21,Molise,MOL,60-69,1.12%
70-79 anni,30617,29198,27281,27746,539,769,144,465,1419,95.4%,94.9%,4.6%,07/10/21,Molise,MOL,70-79,1.52%
80-89 anni,20753,19788,15421,18812,27,534,415,3391,965,95.4%,93.4%,4.6%,07/10/21,Molise,MOL,80-89,16.34%
oltre 90 anni,5430,5454,4195,4976,3,254,221,781,-24,100.4%,96.4%,-0.4%,07/10/21,Molise,MOL,90+,14.38%
0-9 anni,498552,0,0,0,0,0,0,0,498552,0.0%,0.0%,100.0%,07/10/21,Campania,CAM,0-11,0.00%
10-19 anni,616169,338735,273861,273893,20761,9316,34765,32,277434,55.0%,49.3%,45.0%,07/10/21,Campania,CAM,12-19,0.01%
20-29 anni,685126,538172,447702,448559,23733,21268,44612,857,146954,78.6%,72.0%,21.4%,07/10/21,Campania,CAM,20-29,0.13%
30-39 anni,706752,540507,445034,446698,24301,21462,48046,1664,166245,76.5%,69.7%,23.5%,07/10/21,Campania,CAM,30-39,0.24%
40-49 anni,819391,660331,571317,573427,18016,26366,42522,2110,159060,80.6%,75.4%,19.4%,07/10/21,Campania,CAM,40-49,0.26%
50-59 anni,871123,749354,665785,668923,12342,36699,31390,3138,121769,86.0%,82.4%,14.0%,07/10/21,Campania,CAM,50-59,0.36%
60-69 anni,681008,614071,547203,551164,13863,25952,23092,3961,66937,90.2%,86.8%,9.8%,07/10/21,Campania,CAM,60-69,0.58%
70-79 anni,491191,451631,418385,420683,2533,15663,12752,2298,39560,91.9%,89.3%,8.1%,07/10/21,Campania,CAM,70-79,0.47%
80-89 anni,258456,234282,204016,222987,96,6035,5164,18971,24174,90.6%,88.6%,9.4%,07/10/21,Campania,CAM,80-89,7.34%
oltre 90 anni,51991,44902,39776,42178,6,922,1796,2402,7089,86.4%,82.9%,13.6%,07/10/21,Campania,CAM,90+,4.62%
0-9 anni,307917,0,0,0,0,0,0,0,307917,0.0%,0.0%,100.0%,07/10/21,Puglia,PUG,0-11,0.00%
10-19 anni,389429,244462,211709,211747,907,7475,24333,38,144967,62.8%,56.5%,37.2%,07/10/21,Puglia,PUG,12-19,0.01%
20-29 anni,435687,354446,305724,305927,4689,13799,30031,203,81241,81.4%,74.5%,18.6%,07/10/21,Puglia,PUG,20-29,0.05%
30-39 anni,453251,368059,315786,316159,6523,14476,30901,373,85192,81.2%,74.4%,18.8%,07/10/21,Puglia,PUG,30-39,0.08%
40-49 anni,570896,488328,419174,420098,21726,19084,27420,924,82568,85.5%,80.7%,14.5%,07/10/21,Puglia,PUG,40-49,0.16%
50-59 anni,607181,551070,470030,471800,32896,23271,23103,1770,56111,90.8%,87.0%,9.2%,07/10/21,Puglia,PUG,50-59,0.29%
60-69 anni,494337,469127,409568,411820,26482,18223,12602,2252,25210,94.9%,92.4%,5.1%,07/10/21,Puglia,PUG,60-69,0.46%
70-79 anni,395276,383732,348355,350462,13595,11465,8210,2107,11544,97.1%,95.0%,2.9%,07/10/21,Puglia,PUG,70-79,0.53%
80-89 anni,224826,219841,208775,209713,136,4898,5094,938,4985,97.8%,95.5%,2.2%,07/10/21,Puglia,PUG,80-89,0.42%
oltre 90 anni,48131,48885,45695,45846,5,1097,1937,151,-754,101.6%,97.5%,-1.6%,07/10/21,Puglia,PUG,90+,0.31%
0-9 anni,39386,0,0,0,0,0,0,0,39386,0.0%,0.0%,100.0%,07/10/21,Basilicata,BAS,0-11,0.00%
10-19 anni,50240,30922,25735,25737,1577,695,2913,2,19318,61.5%,55.8%,38.5%,07/10/21,Basilicata,BAS,12-19,0.00%
20-29 anni,59650,46152,40544,40556,851,1358,3387,12,13498,77.4%,71.7%,22.6%,07/10/21,Basilicata,BAS,20-29,0.02%
30-39 anni,64519,47931,42409,42432,584,1253,3662,23,16588,74.3%,68.6%,25.7%,07/10/21,Basilicata,BAS,30-39,0.04%
40-49 anni,76260,62245,54587,54632,2830,1646,3137,45,14015,81.6%,77.5%,18.4%,07/10/21,Basilicata,BAS,40-49,0.06%
50-59 anni,87305,76742,68331,68416,3011,2147,3168,85,10563,87.9%,84.3%,12.1%,07/10/21,Basilicata,BAS,50-59,0.10%
60-69 anni,73674,68444,62485,62618,2087,1472,2267,133,5230,92.9%,89.8%,7.1%,07/10/21,Basilicata,BAS,60-69,0.18%
70-79 anni,52557,50158,47918,48024,133,946,1055,106,2399,95.4%,93.4%,4.6%,07/10/21,Basilicata,BAS,70-79,0.20%
80-89 anni,35786,33398,31866,32133,5,517,743,267,2388,93.3%,91.3%,6.7%,07/10/21,Basilicata,BAS,80-89,0.75%
oltre 90 anni,8202,8142,7651,7677,0,144,321,26,60,99.3%,95.4%,0.7%,07/10/21,Basilicata,BAS,90+,0.32%
0-9 anni,154451,0,0,0,0,0,0,0,154451,0.0%,0.0%,100.0%,07/10/21,Calabria,CAL,0-11,0.00%
10-19 anni,181488,94469,80521,80522,586,1378,11983,1,87019,52.1%,45.4%,47.9%,07/10/21,Calabria,CAL,12-19,0.00%
20-29 anni,208920,153668,132282,132298,5443,2924,13003,16,55252,73.6%,67.3%,26.4%,07/10/21,Calabria,CAL,20-29,0.01%
30-39 anni,232935,162059,137416,137441,7031,2755,14832,25,70876,69.6%,63.2%,30.4%,07/10/21,Calabria,CAL,30-39,0.01%
40-49 anni,261369,198011,166562,166631,14801,3299,13280,69,63358,75.8%,70.7%,24.2%,07/10/21,Calabria,CAL,40-49,0.03%
50-59 anni,284757,229705,199045,199221,15180,3636,11668,176,55052,80.7%,76.6%,19.3%,07/10/21,Calabria,CAL,50-59,0.06%
60-69 anni,243667,210820,195654,195910,6753,2628,5529,256,32847,86.5%,84.3%,13.5%,07/10/21,Calabria,CAL,60-69,0.11%
70-79 anni,177666,158832,152433,152702,2182,1454,2494,269,18834,89.4%,88.0%,10.6%,07/10/21,Calabria,CAL,70-79,0.15%
80-89 anni,108240,92976,89789,90098,75,671,2132,309,15264,85.9%,83.9%,14.1%,07/10/21,Calabria,CAL,80-89,0.29%
oltre 90 anni,24235,20140,19033,19113,17,138,872,80,4095,83.1%,79.5%,16.9%,07/10/21,Calabria,CAL,90+,0.33%
0-9 anni,411065,0,0,0,0,0,0,0,411065,0.0%,0.0%,100.0%,07/10/21,Sicilia,SIC,0-11,0.00%
10-19 anni,491263,252694,207279,207285,9043,5145,31221,6,238569,51.4%,45.1%,48.6%,07/10/21,Sicilia,SIC,12-19,0.00%
20-29 anni,551159,404574,339926,340019,15827,10849,37879,93,146585,73.4%,66.5%,26.6%,07/10/21,Sicilia,SIC,20-29,0.02%
30-39 anni,581042,418355,350873,351011,15010,10196,42138,138,162687,72.0%,64.7%,28.0%,07/10/21,Sicilia,SIC,30-39,0.02%
40-49 anni,684564,524480,448495,448827,22550,12755,40348,332,160084,76.6%,70.7%,23.4%,07/10/21,Sicilia,SIC,40-49,0.05%
50-59 anni,732410,603045,529319,529955,21678,15479,35933,636,129365,82.3%,77.4%,17.7%,07/10/21,Sicilia,SIC,50-59,0.09%
60-69 anni,608346,524699,476357,477370,15252,11389,20688,1013,83647,86.3%,82.8%,13.7%,07/10/21,Sicilia,SIC,60-69,0.17%
70-79 anni,460198,407524,382047,382940,4896,6772,12916,893,52674,88.6%,85.7%,11.4%,07/10/21,Sicilia,SIC,70-79,0.19%
80-89 anni,265138,232384,220470,222078,110,3622,6574,1608,32754,87.6%,85.2%,12.4%,07/10/21,Sicilia,SIC,80-89,0.61%
oltre 90 anni,55691,48688,45339,45531,16,958,2183,192,7003,87.4%,83.5%,12.6%,07/10/21,Sicilia,SIC,90+,0.34%
0-9 anni,105570,0,0,0,0,0,0,0,105570,0.0%,0.0%,100.0%,07/10/21,Sardegna,SAR,0-11,0.00%
10-19 anni,134368,84928,74939,74942,3,1400,8583,3,49440,63.2%,56.8%,36.8%,07/10/21,Sardegna,SAR,12-19,0.00%
20-29 anni,149270,121211,108751,108779,94,3063,9275,28,28059,81.2%,75.0%,18.8%,07/10/21,Sardegna,SAR,20-29,0.02%
30-39 anni,180864,141395,125580,125677,286,3295,12137,97,39469,78.2%,71.5%,21.8%,07/10/21,Sardegna,SAR,30-39,0.05%
40-49 anni,244621,199550,180871,181130,526,4722,13172,259,45071,81.6%,76.2%,18.4%,07/10/21,Sardegna,SAR,40-49,0.11%
50-59 anni,266104,230217,211337,211776,835,5453,12153,439,35887,86.5%,81.9%,13.5%,07/10/21,Sardegna,SAR,50-59,0.16%
60-69 anni,225334,205109,179799,180367,13921,4176,6645,568,20225,91.0%,88.1%,9.0%,07/10/21,Sardegna,SAR,60-69,0.25%
70-79 anni,172099,160281,148975,149459,5862,2556,2404,484,11818,93.1%,91.7%,6.9%,07/10/21,Sardegna,SAR,70-79,0.28%
80-89 anni,97957,92212,88097,88365,161,1325,2361,268,5745,94.1%,91.7%,5.9%,07/10/21,Sardegna,SAR,80-89,0.27%
oltre 90 anni,22038,20634,19126,19174,47,420,993,48,1404,93.6%,89.1%,6.4%,07/10/21,Sardegna,SAR,90+,0.22%
